07 Oct 2020
-6.8 
0.4 
+781 
9878 
+1094 
-1129 
06 Oct 2020
12.0 
-1.4 
-514 
8546 
+1102 
-935 
05 Oct 2020
-2.4 
14.0 
-45 
8844 
+237 
-472 
01 Oct 2020
8.4 
1.3 
+1476 
8638 
+1632 
+259 
30 Sep 2020
15.4 
-14.9 
+725 
8009 
-712 
+409 
29 Sep 2020
-10.1 
-5.9 
-644 
7440 
-1457 
+577 
28 Sep 2020
7.0 
1.4 
+709 
7257 
-27 
+542 
25 Sep 2020
26.4 
-20.7 
+1285 
6421 
-2080 
+2071 
24 Sep 2020
2.2 
-52.0 
-1799 
6035 
-1886 
+189 
23 Sep 2020
4.2 
18.0 
-587 
11300 
-3912 
+1629 
22 Sep 2020
-4.4 
13.8 
-696 
11416 
-2073 
+879 
21 Sep 2020
-15.8 
5.9 
+432 
10891 
-540 
-518 
18 Sep 2020
6.5 
6.5 
+1900 
10212 
+205 
-101 
17 Sep 2020
3.4 
8.5 
-673 
11330 
-250 
-1068 
16 Sep 2020
2.8 
4.5 
-414 
11195 
+265 
-212 
15 Sep 2020
14.5 
-8.7 
+84 
10470 
+1171 
-896 
14 Sep 2020
-9.9 
16.3 
-829 
10372 
+298 
-120 
11 Sep 2020
-4.5 
6.6 
-467 
9608 
+1176 
-724 
10 Sep 2020
21.4 
-7.5 
+609 
9157 
+838 
-317 
09 Sep 2020
-6.0 
21.9 
-726 
9766 
-959 
-264 
08 Sep 2020
0.4 
4.9 
+211 
9718 
-1057 
+620 
07 Sep 2020
-3.5 
-3.7 
+653 
10075 
-7 
-816 
04 Sep 2020
-0.6 
1.2 
-696 
10006 
-1889 
-457 
03 Sep 2020
6.6 
2.9 
-772 
10300 
+8 
+120 
02 Sep 2020
-15.3 
-1.1 
-820 
10771 
+991 
-657 
01 Sep 2020
15.1 
-8.8 
+1035 
10898 
+486 
-775 
31 Aug 2020
-31.5 
24.4 
-4068 
11127 
-3395 
+681 
28 Aug 2020
8.8 
10.2 
+351 
11352 
+1004 
-544 
27 Aug 2020
-31.1 
-3.0 
+600 
11631 
+1164 
-809 
26 Aug 2020
6.5 
-7.6 
+360 
14542 
+1581 
-1195 
25 Aug 2020
5.1 
3.3 
-144 
10938 
+1481 
-173 
24 Aug 2020
9.2 
-3.4 
+786 
10174 
+219 
-336 
21 Aug 2020
14.8 
-5.0 
+1236 
10122 
+410 
-251 
20 Aug 2020
-3.7 
13.5 
-1697 
9619 
-268 
-672 
19 Aug 2020
-5.3 
2.3 
-250 
9540 
+459 
-97 
18 Aug 2020
7.4 
7.1 
-161 
9571 
+1135 
-379 
17 Aug 2020
8.9 
-3.5 
+1558 
9357 
+333 
-718 
14 Aug 2020
-0.8 
4.1 
+413 
8646 
+46 
-797 
13 Aug 2020
5.1 
-5.6 
+767 
8903 
+416 
-764 
12 Aug 2020
2.9 
7.3 
-1163 
8731 
+351 
-940 
11 Aug 2020
-1.2 
2.4 
+106 
8475 
+1014 
-1416 
10 Aug 2020
-2.4 
7.5 
+24 
8481 
+303 
-505 
07 Aug 2020
-6.5 
-0.3 
-63 
8474 
+397 
-439 
06 Aug 2020
16.8 
-7.4 
+494 
7958 
+637 
-468 
05 Aug 2020
-6.9 
-1.5 
-528 
7235 
-60 
-426 
04 Aug 2020
24.3 
-14.6 
+1228 
7905 
+704 
-666 
03 Aug 2020
-16.0 
22.0 
-2615 
8694 
+7818 
-136 
31 Jul 2020
-2.2 
7.0 
+30 
9015 
-959 
+443 
30 Jul 2020
-1.9 
-33.2 
+539 
8845 
+207 
-387 
29 Jul 2020
-11.8 
20.4 
-819 
13734 
-353 
-506 
28 Jul 2020
4.0 
-12.2 
+993 
11096 
+246 
-1017 
27 Jul 2020
-0.2 
2.9 
+500 
9518 
-453 
-978 
24 Jul 2020
-10.1 
-0.3 
-1196 
10206 
+410 
-1003 
23 Jul 2020
-9.6 
-1.8 
+220 
10841 
+1741 
-932 
22 Jul 2020
-2.1 
9.6 
+337 
9963 
+1666 
-1139 
21 Jul 2020
16.8 
-6.9 
+857 
9663 
+2266 
-727 
20 Jul 2020
-4.1 
1.4 
-68 
8534 
+1710 
-1522 
17 Jul 2020
8.8 
-3.1 
+652 
8104 
+697 
-209 
16 Jul 2020
17.0 
-6.6 
-644 
8161 
-1091 
+1660 
15 Jul 2020
6.3 
-10.3 
+1590 
7798 
-222 
-899 
14 Jul 2020
-8.7 
7.3 
-1645 
8799 
-1566 
-650 
13 Jul 2020
-5.4 
6.2 
-498 
7804 
+222 
-1486 
10 Jul 2020
-10.8 
29.5 
-1610 
8369 
-1031 
-431 
09 Jul 2020
-6.6 
-7.3 
+1331 
8971 
+213 
-803 
08 Jul 2020
7.5 
7.7 
+1002 
7686 
-995 
-853 
07 Jul 2020
2.9 
-0.1 
-409 
7117 
+830 
-784 
06 Jul 2020
15.8 
-6.3 
+704 
7456 
+348 
+263 
03 Jul 2020
4.7 
2.5 
+504 
6934 
+857 
-332 
02 Jul 2020
16.0 
-11.3 
+706 
6630 
-557 
+909 
01 Jul 2020
-9.8 
-11.2 
+1115 
6694 
-1696 
+1377 
30 Jun 2020
3.6 
13.3 
+367 
7240 
-2000 
+2051 
29 Jun 2020
-12.3 
8.6 
-1242 
7229 
-1937 
+1036 
26 Jun 2020
14.5 
0.5 
-190 
7912 
-753 
+1304 
25 Jun 2020
-22.6 
4.9 
-1002 
6646 
-1051 
-256 
24 Jun 2020
-14.0 
11.3 
-1051 
9406 
+1767 
-1525 
23 Jun 2020
7.8 
-12.5 
-115 
9609 
+169 
+454 
22 Jun 2020
-3.2 
-0.4 
+76 
8674 
+424 
-1288 
19 Jun 2020
2.2 
3.3 
+511 
8193 
+1237 
-881 
18 Jun 2020
11.7 
-12.5 
+172 
7551 
+367 
+1131 
17 Jun 2020
-13.7 
-8.0 
+266 
7748 
-487 
+168 
16 Jun 2020
-0.3 
-0.7 
+114 
8135 
-1479 
+1162 
15 Jun 2020
-6.5 
10.9 
-355 
7886 
-2960 
+1076 
12 Jun 2020
3.0 
-16.0 
-502 
8580 
-1311 
+1945 
11 Jun 2020
-18.0 
28.8 
-923 
8414 
-805 
-874 
10 Jun 2020
8.8 
-12.8 
+294 
8726 
-919 
+501 
09 Jun 2020
-6.2 
-1.3 
+226 
8181 
+491 
-733 
08 Jun 2020
-0.4 
-0.8 
-439 
8302 
+813 
-1238 
05 Jun 2020
12.5 
-2.1 
-345 
8523 
+98 
+47 
04 Jun 2020
-4.9 
3.5 
-1266 
7712 
+2905 
-847 
03 Jun 2020
-0.9 
-0.4 
+532 
8712 
+1851 
-782 
02 Jun 2020
13.8 
-4.9 
+357 
8220 
+7498 
+441 
01 Jun 2020
-5.3 
4.2 
+136 
7534 
+1575 
-459 
29 May 2020
6.7 
-1.9 
-631 
6846 
+1461 
+967 
28 May 2020
-4.7 
-20.7 
-354 
7627 
+2354 
+145 
27 May 2020
34.2 
-9.2 
+1664 
10178 
-335 
+2409 
26 May 2020
-4.0 
11.4 
+189 
7168 
+4716 
+2841 
22 May 2020
3.8 
22.9 
-671 
7424 
-1354 
-344 
21 May 2020
-8.9 
-3.7 
-471 
6489 
-259 
+402 
20 May 2020
1.4 
-6.8 
+216 
5753 
-1467 
+2373 
19 May 2020
24.7 
-11.5 
+2332 
5484 
-1328 
+1660 