18 May 2020
-10.5 
0.4 
-803 
5609 
-2513 
-152 
15 May 2020
5.3 
6.5 
-620 
5185 
-2388 
1226 
14 May 2020
-1.4 
10.7 
-1328 
5007 
-2153 
802 
13 May 2020
-19.9 
-10.4 
-49 
4758 
-283 
233 
12 May 2020
1.2 
0.2 
-872 
5935 
-1662 
-364 
11 May 2020
-3.9 
3.5 
806 
5735 
535 
-822 
08 May 2020
4.1 
3.8 
329 
6078 
1725 
-1503 
07 May 2020
0.9 
10.1 
-1628 
6247 
19056 
3818 
06 May 2020
11.4 
-5.2 
511 
6326 
-494 
322 
05 May 2020
-6.7 
-3.5 
179 
6428 
-1059 
-995 
04 May 2020
-6.9 
17.5 
-1606 
6589 
-1374 
-1662 
30 Apr 2020
-26.1 
-7.4 
-294 
7120 
1969 
579 
29 Apr 2020
3.5 
3.0 
-66 
9621 
722 
79 
28 Apr 2020
9.6 
-7.9 
692 
9531 
-122 
389 
27 Apr 2020
8.4 
0.1 
1548 
9134 
-916 
1142 
24 Apr 2020
2.0 
7.9 
-456 
9314 
-207 
-994 
23 Apr 2020
-3.7 
1.8 
139 
9374 
-115 
338 
22 Apr 2020
5.9 
-10.9 
417 
9556 
-1326 
864 
21 Apr 2020
-1.3 
-1.4 
-1071 
9501 
-2095 
-68 
20 Apr 2020
-2.5 
1.7 
245 
8834 
-266 
-789 
17 Apr 2020
4.9 
-1.4 
-7 
8713 
-1392 
534 
16 Apr 2020
-8.0 
13.1 
361 
8529 
-2920 
1321 
15 Apr 2020
-1.2 
-0.0 
1283 
8157 
1359 
-1098 
13 Apr 2020
1.3 
3.1 
-475 
8528 
-1244 
-1097 
09 Apr 2020
-0.8 
4.0 
755 
8986 
1738 
-466 
08 Apr 2020
-8.1 
1.2 
-413 
7919 
1943 
-1758 
07 Apr 2020
5.7 
-19.0 
2368 
8233 
742 
423 
03 Apr 2020
5.9 
0.5 
279 
7546 
-1961 
227 
01 Apr 2020
-8.9 
10.9 
-1197 
7950 
-1117 
-450 
31 Mar 2020
10.0 
-5.1 
1506 
7347 
-3045 
3576 
30 Mar 2020
-1.2 
7.6 
-967 
7725 
-4364 
3550 
27 Mar 2020
5.0 
-1.7 
-29 
6937 
356 
1704 
26 Mar 2020
-16.7 
-106.7 
-360 
7401 
-485 
-770 
25 Mar 2020
15.9 
-7.2 
-45 
13318 
-1893 
738 
24 Mar 2020
8.2 
-0.5 
3197 
11905 
-2153 
1554 
23 Mar 2020
-12.7 
8.7 
737 
13113 
-2989 
1082 
20 Mar 2020
24.1 
-6.1 
2428 
17684 
-3346 
2431 
19 Mar 2020
-43.6 
-10.1 
45 
15732 
-4623 
4367 
18 Mar 2020
1.6 
-3.3 
300 
16454 
-5085 
3636 
17 Mar 2020
7.4 
-9.6 
859 
16142 
-4045 
3422 
16 Mar 2020
-16.7 
0.1 
654 
16825 
-3810 
2615 
13 Mar 2020
19.4 
-12.8 
2498 
14709 
-6028 
5868 
12 Mar 2020
-34.2 
-25.0 
-14 
16678 
-3475 
3918 
11 Mar 2020
4.9 
-7.6 
1216 
18400 
-3515 
2835 
09 Mar 2020
16.8 
12.5 
222 
18486 
-6596 
4975 
06 Mar 2020
-5.0 
23.1 
-2982 
19223 
-3595 
2544 
05 Mar 2020
-43.3 
-22.3 
-342 
16871 
-2477 
2511 
04 Mar 2020
15.1 
-2.0 
-1554 
16326 
-878 
764 
03 Mar 2020
6.7 
9.1 
241 
15251 
-2416 
3135 
02 Mar 2020
30.0 
22.9 
3159 
14697 
-1355 
1139 
28 Feb 2020
-17.2 
16.5 
-1631 
16511 
-1429 
7621 
27 Feb 2020
-19.7 
-46.0 
-2201 
15553 
-3127 
3498 
26 Feb 2020
8.3 
13.0 
-1262 
20483 
-3337 
2786 
25 Feb 2020
3.2 
-15.9 
1470 
17428 
-2315 
1565 
24 Feb 2020
-3.4 
19.6 
-1238 
16350 
-1161 
516 
20 Feb 2020
-18.2 
-14.4 
-753 
13271 
1495 
-700 
19 Feb 2020
16.3 
2.1 
994 
13754 
-191 
590 
18 Feb 2020
-7.4 
20.7 
-460 
13993 
-74 
-309 
17 Feb 2020
5.9 
6.7 
520 
12528 
-374 
-154 
14 Feb 2020
-8.1 
17.0 
109 
12842 
-705 
220 
13 Feb 2020
-17.8 
-6.2 
-1235 
13217 
1061 
-960 
12 Feb 2020
7.5 
-1.1 
1145 
13917 
49 
339 
11 Feb 2020
1.1 
10.5 
1404 
14660 
-209 
345 
10 Feb 2020
4.3 
12.4 
-410 
14666 
-185 
-736 
07 Feb 2020
11.7 
2.0 
-428 
14616 
162 
-179 
06 Feb 2020
2.2 
-16.5 
219 
14616 
-560 
304 
05 Feb 2020
8.2 
-0.3 
-320 
14921 
249 
263 
04 Feb 2020
34.3 
-13.4 
680 
14892 
366 
602 
03 Feb 2020
18.9 
18.5 
406 
15016 
-1200 
1287 
01 Feb 2020
-30.6 
11.6 
-1410 
14757 
-1200 
37 
31 Jan 2020
5.9 
10.8 
-2283 
12172 
-4179 
3816 
30 Jan 2020
-4.8 
-79.5 
-1534 
9558 
-962 
292 
29 Jan 2020
1.8 
-8.9 
440 
19800 
-1014 
1521 
28 Jan 2020
-18.3 
11.0 
-541 
19450 
-1358 
712 
27 Jan 2020
2.2 
2.6 
-2269 
18871 
-439 
11 
24 Jan 2020
-10.6 
-1.4 
-581 
18511 
659 
418 
23 Jan 2020
28.0 
-26.0 
-417 
18272 
1352 
-985 
22 Jan 2020
-20.3 
20.4 
-927 
17783 
-176 
-326 
21 Jan 2020
-12.3 
-7.2 
-552 
16471 
-50 
-308 
20 Jan 2020
-21.6 
26.6 
134 
15323 
6 
-1420 
17 Jan 2020
-5.4 
14.2 
130 
13985 
264 
-500 
16 Jan 2020
-4.3 
-19.4 
-586 
14129 
-395 
-185 
15 Jan 2020
-14.5 
13.8 
-910 
13841 
280 
-648 
14 Jan 2020
3.4 
14.7 
-73 
13803 
-206 
-642 
13 Jan 2020
-2.2 
7.0 
208 
13534 
68 
47 
10 Jan 2020
1.8 
7.1 
308 
13481 
578 
-252 
09 Jan 2020
16.8 
7.3 
1445 
12944 
-431 
419 
08 Jan 2020
5.3 
-25.9 
-1214 
12311 
-516 
748 
07 Jan 2020
9.0 
3.1 
1392 
11883 
-682 
311 
06 Jan 2020
-16.9 
9.5 
-977 
12134 
-104 
-24 
03 Jan 2020
-15.2 
28.0 
-846 
10445 
1263 
-1029 
02 Jan 2020
18.4 
0.3 
-235 
10231 
689 
64 
01 Jan 2020
-1.3 
5.0 
292 
10172 
-59 
208 
31 Dec 2019
-11.6 
19.9 
-692 
10307 
-1265 
585 
30 Dec 2019
-1.3 
11.6 
-337 
10550 
-131 
201 
27 Dec 2019
25.3 
-6.6 
74 
10931 
81 
126 
26 Dec 2019
-24.1 
-86.1 
-1083 
10576 
-504 
120 
24 Dec 2019
-5.8 
20.3 
-469 
16877 
-114 
-345 
23 Dec 2019
-2.7 
16.1 
612 
16972 
1463 
-1947 
20 Dec 2019
15.5 
-3.3 
708 
16329 
339 
-285 