28 Jul 2021
3.1 K
0.3 K
-356 
12951 
-2275 
921 
27 Jul 2021
-12.7 K
53.5 K
-608 
12999 
-1459 
730 
26 Jul 2021
-20.3 K
-21.3 K
74 
11938 
-2377 
1551 
23 Jul 2021
19.3 K
-4.6 K
697 
12251 
-163 
2188 
22 Jul 2021
18.6 K
-53.9 K
1152 
11013 
-248 
943 
20 Jul 2021
18.7 K
50.8 K
-1785 
11522 
-2835 
873 
19 Jul 2021
-56.1 K
26.2 K
-2069 
10705 
-2199 
1048 
16 Jul 2021
-15.3 K
21.5 K
-1109 
11865 
-466 
666 
15 Jul 2021
9.6 K
4.1 K
706 
11750 
-265 
439 
14 Jul 2021
-0.5 K
2.3 K
278 
11312 
-1304 
1336 
13 Jul 2021
16.0 K
-69.8 K
2573 
10981 
114 
344 
12 Jul 2021
-12.8 K
-10.0 K
719 
11363 
-746 
447 
09 Jul 2021
21.6 K
39.7 K
-450 
11583 
-1125 
107 
08 Jul 2021
-14.6 K
53.0 K
-2938 
11493 
-555 
-949 
07 Jul 2021
3.8 K
-1.2 K
-319 
10042 
533 
-232 
06 Jul 2021
14.2 K
6.3 K
224 
10615 
-543 
521 
05 Jul 2021
5.6 K
-15.8 K
-133 
10211 
-338 
646 
02 Jul 2021
-25.8 K
-25.0 K
99 
9437 
-983 
930 
01 Jul 2021
-3.7 K
1.4 K
-294 
10374 
-1245 
881 
30 Jun 2021
3.7 K
-2.5 K
447 
9830 
-1647 
1520 
29 Jun 2021
4.9 K
42.9 K
-1301 
9359 
117 
1810 
28 Jun 2021
-2.7 K
17.9 K
-729 
10364 
-1659 
1277 
25 Jun 2021
13.9 K
20.3 K
-858 
10822 
-679 
1833 
24 Jun 2021
-65.8 K
-154.4 K
1780 
11378 
-2891 
1139 
23 Jun 2021
7.3 K
29.4 K
372 
11162 
3157 
1317 
22 Jun 2021
29.1 K
37.3 K
669 
11560 
-1028 
302 
21 Jun 2021
11.7 K
5.5 K
-478 
12358 
-1245 
138 
18 Jun 2021
-7.3 K
3.2 K
-101 
12121 
2681 
446 
17 Jun 2021
10.7 K
1.7 K
-378 
10991 
-880 
45 
16 Jun 2021
-9.8 K
27.0 K
-586 
11317 
-870 
-874 
15 Jun 2021
4.5 K
-9.9 K
-11 
11932 
634 
-649 
14 Jun 2021
17.9 K
23.4 K
-2638 
11569 
-504 
544 
11 Jun 2021
-13.1 K
6.5 K
-122 
12902 
19 
666 
10 Jun 2021
34.5 K
-1.9 K
-944 
13340 
1330 
-575 
09 Jun 2021
-34.7 K
-43.9 K
537 
13272 
-846 
-272 
08 Jun 2021
-3.9 K
13.6 K
-67 
13319 
1423 
-1627 
07 Jun 2021
16.4 K
9.6 K
515 
13286 
-186 
984 
04 Jun 2021
-4.4 K
30.9 K
-614 
13360 
1499 
-1175 
03 Jun 2021
-6.0 K
-17.2 K
560 
13035 
1079 
-279 
02 Jun 2021
-6.1 K
1.0 K
-1107 
12355 
921 
242 
01 Jun 2021
-9.7 K
-3.3 K
414 
13431 
-450 
230 
31 May 2021
18.7 K
4.0 K
-690 
12829 
2412 
180 
28 May 2021
0.5 K
13.4 K
438 
13269 
914 
1275 
27 May 2021
-55.8 K
-81.3 K
2637 
12208 
-661 
112 
26 May 2021
23.3 K
20.3 K
1290 
17226 
242 
-439 
25 May 2021
11.6 K
11.2 K
1477 
15711 
960 
-564 
24 May 2021
-10.4 K
5.8 K
-370 
12569 
585 
-708 
21 May 2021
13.6 K
-22.9 K
1481 
12994 
510 
649 
20 May 2021
-39.8 K
37.3 K
-961 
13076 
71 
-876 
19 May 2021
-7.0 K
3.1 K
142 
12823 
-698 
-853 
18 May 2021
39.0 K
15.0 K
3076 
13491 
618 
450 
17 May 2021
6.2 K
-50.5 K
886 
12079 
-2256 
1948 
14 May 2021
32.6 K
11.0 K
625 
11406 
-2608 
613 
12 May 2021
-4.8 K
43.5 K
-556 
12052 
-1261 
-704 
11 May 2021
-17.6 K
-11.5 K
-2220 
11419 
-336 
-677 
10 May 2021
15.2 K
12.1 K
-322 
10434 
584 
-476 
07 May 2021
-16.4 K
-6.2 K
402 
10921 
-1143 
1468 
06 May 2021
13.9 K
2.5 K
-251 
10546 
1223 
-633 
05 May 2021
-1.1 K
-20.3 K
10 
9751 
-1111 
-241 
04 May 2021
10.5 K
7.3 K
-288 
10065 
-1772 
987 
03 May 2021
5.9 K
15.6 K
-1916 
10804 
-2289 
553 
30 Apr 2021
14.3 K
27.8 K
-2963 
10810 
-3465 
1419 
29 Apr 2021
-64.3 K
-20.9 K
-648 
9956 
809 
-942 
28 Apr 2021
-11.3 K
-5.6 K
167 
15209 
766 
436 
27 Apr 2021
19.9 K
1.4 K
-64 
13316 
-1455 
1463 
26 Apr 2021
11.0 K
-3.0 K
1218 
12346 
-1112 
1023 
23 Apr 2021
12.7 K
-10.3 K
-233 
11907 
-1361 
1696 
22 Apr 2021
32.6 K
-13.3 K
438 
11161 
-910 
850 
20 Apr 2021
-26.9 K
2.9 K
307 
12846 
-1082 
1323 
19 Apr 2021
-3.2 K
-1.1 K
-310 
13840 
-1634 
2356 
16 Apr 2021
21.9 K
5.0 K
55 
14869 
438 
658 
15 Apr 2021
-10.7 K
9.3 K
1309 
12848 
980 
-527 
13 Apr 2021
24.2 K
-34.3 K
1995 
12333 
-731 
244 
12 Apr 2021
4.2 K
11.0 K
-1740 
12420 
-1746 
233 
09 Apr 2021
1.3 K
15.4 K
-639 
11651 
-654 
-271 
08 Apr 2021
-17.1 K
9.3 K
262 
10906 
111 
553 
07 Apr 2021
7.3 K
-14.9 K
762 
11009 
227 
381 
06 Apr 2021
16.5 K
7.4 K
298 
12239 
-1093 
417 
05 Apr 2021
-9.8 K
7.8 K
-1803 
12510 
-932 
75 
01 Apr 2021
10.6 K
-22.9 K
445 
12336 
149 
-297 
31 Mar 2021
-16.6 K
58.2 K
-2449 
12740 
-1686 
2082 
30 Mar 2021
7.2 K
-22.8 K
1275 
11287 
769 
2181 
26 Mar 2021
8.0 K
-13.8 K
1880 
11506 
-50 
1703 
25 Mar 2021
-28.7 K
-75.9 K
960 
10945 
-3384 
2268 
24 Mar 2021
2.8 K
24.6 K
-1677 
14297 
-1952 
613 
23 Mar 2021
6.0 K
-1.4 K
440 
13403 
-108 
-530 
22 Mar 2021
-1.7 K
15.3 K
-18 
13589 
-787 
543 
19 Mar 2021
11.3 K
-2.3 K
1507 
12919 
1418 
560 
18 Mar 2021
-7.2 K
-20.8 K
361 
13733 
1258 
-1116 
17 Mar 2021
-2.2 K
9.9 K
-6 
13826 
2626 
-562 
16 Mar 2021
3.1 K
-7.6 K
275 
13637 
1692 
-1169 
15 Mar 2021
4.9 K
20.0 K
-497 
13669 
-1101 
-750 
12 Mar 2021
-17.4 K
32.0 K
-586 
13776 
-943 
-164 
10 Mar 2021
-0.2 K
-15.4 K
88 
14103 
-16 
448 
09 Mar 2021
26.4 K
9.4 K
1735 
14394 
2802 
1250 
08 Mar 2021
3.4 K
-0.8 K
-858 
15571 
-1494 
484 
05 Mar 2021
-7.6 K
8.9 K
68 
15615 
-2014 
-1191 
04 Mar 2021
-14.6 K
15.3 K
-2265 
14875 
-223 
-788 
03 Mar 2021
16.2 K
3.3 K
1372 
13580 
2089 
393 
02 Mar 2021
0.4 K
-15.7 K
-1894 
13802 
2053 
-854 