19 May 2022
1.9 
13.8 
-921 
14723 
-4900 
3226 
18 May 2022
-21.9 
32.2 
62 
13651 
-1255 
376 
17 May 2022
52.2 
-32.4 
1064 
13604 
-2192 
2294 
16 May 2022
-7.6 
-10.1 
980 
14508 
-1789 
1428 
13 May 2022
4.8 
-20.1 
2859 
13653 
-3780 
3170 
12 May 2022
-56.4 
-4.5 
-1361 
15160 
-5256 
4816 
11 May 2022
39.2 
1.5 
-966 
15356 
-3609 
4181 
10 May 2022
2.9 
20.2 
345 
14361 
-3961 
2958 
09 May 2022
30.2 
15.7 
-687 
15188 
-3362 
3077 
06 May 2022
-0.7 
59.9 
-2490 
13780 
-5517 
3015 
05 May 2022
-1.9 
-61.1 
1054 
11836 
-2075 
2229 
04 May 2022
-18.6 
31.3 
-3233 
12578 
-3288 
1338 
02 May 2022
-58.4 
-19.7 
-790 
9850 
-1853 
1951 
29 Apr 2022
57.4 
62.8 
441 
9210 
-3648 
3490 
28 Apr 2022
-115.9 
-192.8 
704 
9423 
743 
781 
27 Apr 2022
53.3 
52.9 
-3387 
15520 
-4065 
1918 
26 Apr 2022
43.1 
61.3 
232 
15601 
-1174 
1644 
25 Apr 2022
-23.5 
-20.3 
-1258 
14906 
-3303 
1870 
22 Apr 2022
-19.1 
34.0 
-941 
12196 
-2462 
1602 
21 Apr 2022
27.0 
11.6 
60 
12468 
-714 
2823 
20 Apr 2022
9.9 
-8.1 
122 
11294 
-3009 
2646 
19 Apr 2022
16.4 
3.3 
1387 
11726 
-5872 
3981 
18 Apr 2022
4.5 
18.9 
-403 
12441 
-6387 
3342 
13 Apr 2022
35.7 
6.4 
-2005 
12793 
-2061 
1411 
12 Apr 2022
-25.4 
27.3 
-1528 
11934 
-3128 
870 
11 Apr 2022
-27.5 
-5.2 
-2166 
11622 
-1145 
487 
08 Apr 2022
6.8 
27.5 
163 
12050 
-575 
-17 
07 Apr 2022
-9.6 
37.5 
-1999 
12793 
-5010 
1775 
06 Apr 2022
-19.1 
-3.8 
-126 
13506 
-2280 
623 
05 Apr 2022
-1.9 
51.9 
-358 
13807 
375 
105 
04 Apr 2022
27.2 
5.8 
1442 
13575 
1152 
1675 
01 Apr 2022
3.7 
-32.9 
-278 
13073 
1910 
-184 
31 Mar 2022
-168.0 
-172.1 
1114 
12087 
3089 
1145 
30 Mar 2022
27.3 
-9.9 
1083 
19597 
1357 
1216 
29 Mar 2022
29.0 
11.7 
680 
20116 
35 
1713 
28 Mar 2022
27.7 
-9.0 
1353 
19297 
-801 
1162 
25 Mar 2022
-4.8 
-1.4 
-225 
20371 
-1507 
1373 
24 Mar 2022
7.9 
2.4 
-859 
20583 
-1741 
2091 
23 Mar 2022
-10.1 
2.1 
-1146 
20402 
481 
-294 
22 Mar 2022
-14.2 
24.6 
901 
20057 
384 
-602 
21 Mar 2022
-2.2 
58.1 
-551 
19425 
-2962 
253 
17 Mar 2022
15.9 
-18.7 
4304 
19797 
2800 
-678 
16 Mar 2022
42.7 
1.0 
1823 
17200 
312 
773 
15 Mar 2022
-21.2 
15.1 
-1229 
19045 
-1250 
98 
14 Mar 2022
23.2 
1.8 
569 
19693 
-177 
1099 
11 Mar 2022
5.7 
-5.9 
428 
19265 
-2264 
1687 
10 Mar 2022
-48.0 
-42.7 
1570 
19817 
-1981 
946 
09 Mar 2022
26.3 
-14.2 
678 
21587 
-4819 
3276 
08 Mar 2022
32.7 
33.2 
-1008 
20851 
-8143 
6490 
07 Mar 2022
-2.7 
33.9 
-1762 
19139 
-7482 
5331 
04 Mar 2022
-6.5 
-7.5 
-550 
17587 
-7631 
4739 
03 Mar 2022
30.2 
30.3 
-712 
17672 
-6645 
4799 
02 Mar 2022
-19.8 
14.7 
-3245 
16262 
-4339 
3062 
28 Feb 2022
19.3 
23.6 
-733 
14000 
-3948 
4143 
25 Feb 2022
23.3 
-52.0 
3555 
12904 
-4471 
4318 
24 Feb 2022
-30.2 
-44.4 
-3452 
14204 
-6448 
7668 
23 Feb 2022
-11.5 
30.2 
79 
19266 
-3417 
3024 
22 Feb 2022
4.4 
29.4 
-1368 
18473 
-3246 
4109 
21 Feb 2022
1.7 
6.9 
-217 
16972 
-2262 
2393 
18 Feb 2022
-11.9 
-46.3 
729 
17281 
-2530 
1929 
17 Feb 2022
-31.5 
-7.1 
890 
17007 
-1242 
901 
16 Feb 2022
-0.2 
-7.1 
555 
15767 
-1891 
1180 
15 Feb 2022
81.0 
6.7 
1749 
14629 
-2299 
4412 
14 Feb 2022
-2.1 
1.6 
-253 
13164 
-4254 
2170 
11 Feb 2022
-24.9 
49.3 
-1053 
12897 
109 
-697 
10 Feb 2022
-4.0 
-42.2 
2276 
13182 
-1733 
2727 
09 Feb 2022
49.5 
-17.2 
1457 
12955 
-893 
1793 
08 Feb 2022
7.7 
13.1 
427 
13664 
-1968 
1115 
07 Feb 2022
-13.9 
26.3 
-1067 
13720 
-1157 
-1376 
04 Feb 2022
4.8 
7.2 
1829 
13008 
-2268 
622 
03 Feb 2022
-8.2 
27.3 
-1185 
14542 
-1598 
-371 
02 Feb 2022
19.9 
-17.2 
1697 
13678 
-184 
426 
01 Feb 2022
35.4 
-0.2 
-415 
13183 
-22 
1598 
31 Jan 2022
-17.7 
-32.9 
1295 
12055 
-3624 
3649 
28 Jan 2022
-37.4 
0.0 
-1728 
12692 
-5045 
3359 
27 Jan 2022
-54.8 
-31.4 
-3009 
11424 
-6267 
2881 
25 Jan 2022
-11.7 
-30.1 
-156 
16188 
-7094 
4535 
24 Jan 2022
31.1 
35.4 
-1573 
14311 
-3752 
75 
21 Jan 2022
7.2 
1.6 
-616 
14394 
-3149 
269 
20 Jan 2022
-38.8 
-10.9 
-2103 
14336 
-4680 
769 
19 Jan 2022
49.7 
71.9 
-1262 
14195 
-2705 
-195 
18 Jan 2022
-51.2 
-9.5 
-205 
14305 
-1255 
-220 
17 Jan 2022
2.4 
20.0 
-828 
15704 
-855 
-115 
14 Jan 2022
27.6 
28.9 
-626 
15949 
-1598 
371 
13 Jan 2022
19.3 
18.3 
1473 
16521 
-1391 
1065 
12 Jan 2022
7.6 
6.5 
-142 
14762 
-1002 
1332 
11 Jan 2022
-4.1 
-16.7 
-347 
13771 
112 
379 
10 Jan 2022
25.7 
-1.5 
-539 
15078 
-124 
482 
07 Jan 2022
-33.8 
-13.2 
579 
14137 
496 
-116 
06 Jan 2022
9.3 
62.3 
-3013 
14693 
-1927 
801 
05 Jan 2022
-4.6 
1.5 
476 
16138 
337 
1272 
04 Jan 2022
-10.5 
-7.3 
703 
15818 
1274 
533 
03 Jan 2022
-8.9 
-4.5 
662 
16317 
903 
803 
31 Dec 2021
-14.5 
-20.5 
884 
15785 
575 
1166 
30 Dec 2021
-107.4 
-210.6 
425 
14639 
-986 
578 
29 Dec 2021
10.9 
39.8 
-162 
15215 
-975 
1007 
28 Dec 2021
5.2 
8.5 
-34 
13893 
207 
567 
27 Dec 2021
80.3 
7.3 
55 
13415 
-1038 
956 
24 Dec 2021
-31.2 
-29.1 
70 
13496 
-715 
-43 
23 Dec 2021
50.5 
46.0 
989 
13700 
-272 
