22 Dec 2021
-2.7 
-24.0 
-810 
12860 
-827 
1593 
21 Dec 2021
32.2 
-7.1 
3068 
12719 
-1210 
1405 
20 Dec 2021
0.6 
-8.2 
-1163 
14049 
-3565 
2764 
17 Dec 2021
-43.3 
-10.8 
-471 
15037 
-2070 
1479 
16 Dec 2021
8.3 
-23.7 
828 
15188 
-1469 
1533 
15 Dec 2021
43.5 
40.4 
-416 
15986 
-3407 
1553 
14 Dec 2021
-40.6 
4.3 
-1657 
16126 
-763 
425 
13 Dec 2021
-13.1 
26.8 
-946 
15182 
-2743 
1351 
10 Dec 2021
-8.4 
0.1 
-1323 
14541 
-1092 
387 
09 Dec 2021
13.1 
33.4 
-749 
15850 
-1586 
783 
08 Dec 2021
-42.0 
-39.8 
594 
15435 
-579 
1736 
07 Dec 2021
61.0 
-33.6 
2300 
15239 
-2585 
2606 
06 Dec 2021
-2.7 
41.0 
-1155 
14688 
-3361 
1702 
03 Dec 2021
-38.3 
38.4 
-2364 
14811 
-3356 
1649 
02 Dec 2021
22.2 
14.7 
153 
16230 
-910 
1373 
01 Dec 2021
28.8 
-18.0 
930 
15941 
-2766 
3467 
30 Nov 2021
6.5 
-10.4 
1589 
15473 
-5445 
5350 
29 Nov 2021
9.0 
-54.6 
2152 
15163 
-3332 
4611 
26 Nov 2021
-52.7 
45.3 
-3271 
14392 
-5786 
2294 
25 Nov 2021
-13.5 
-38.1 
598 
15319 
-2301 
1368 
24 Nov 2021
5.4 
-7.6 
-167 
18903 
-5123 
3810 
23 Nov 2021
27.6 
-18.4 
297 
17091 
-4477 
1412 
22 Nov 2021
25.2 
22.8 
134 
16320 
-3439 
2051 
18 Nov 2021
24.1 
33.3 
-180 
16409 
-3931 
1886 
17 Nov 2021
-5.3 
-14.7 
112 
15557 
-344 
-61 
16 Nov 2021
-36.4 
14.7 
-578 
15246 
-561 
577 
15 Nov 2021
-2.9 
20.8 
-291 
15533 
425 
1525 
12 Nov 2021
52.0 
-18.5 
2103 
15368 
511 
851 
11 Nov 2021
-5.4 
-3.6 
193 
14748 
-1637 
446 
10 Nov 2021
-16.4 
14.3 
-512 
13856 
-470 
767 
09 Nov 2021
-11.9 
34.1 
-2622 
13649 
-2445 
1418 
08 Nov 2021
29.8 
15.6 
2322 
14953 
-861 
1912 
04 Nov 2021
-4.9 
-12.8 
4 
14579 
-328 
38 
03 Nov 2021
9.9 
-7.4 
547 
14505 
-401 
196 
02 Nov 2021
-25.9 
17.2 
-1528 
14205 
245 
-6 
01 Nov 2021
42.4 
-5.6 
58 
14985 
-202 
116 
29 Oct 2021
-0.1 
11.4 
690 
14542 
-5143 
4343 
28 Oct 2021
-57.1 
-72.9 
-1129 
13721 
-3819 
837 
27 Oct 2021
-12.3 
25.2 
-2552 
17917 
-1913 
472 
26 Oct 2021
9.2 
-7.2 
-340 
16176 
-2369 
1385 
25 Oct 2021
12.6 
-0.1 
-808 
15800 
-2459 
2390 
22 Oct 2021
-27.9 
15.0 
-610 
14817 
-2698 
1030 
21 Oct 2021
16.7 
31.4 
-1539 
15557 
-2819 
428 
20 Oct 2021
-28.9 
14.0 
-298 
15950 
-1843 
-1681 
19 Oct 2021
-17.5 
24.0 
1771 
15861 
-506 
-2578 
18 Oct 2021
-23.7 
6.0 
-506 
13526 
512 
-1704 
14 Oct 2021
-3.2 
-0.1 
1327 
13807 
1682 
-1751 
13 Oct 2021
16.2 
-14.1 
1205 
12854 
937 
-432 
12 Oct 2021
-7.1 
13.6 
-1199 
11765 
-278 
-741 
11 Oct 2021
6.9 
-28.5 
1373 
12087 
-1303 
-373 
08 Oct 2021
10.6 
-1.9 
22 
11475 
-64 
-168 
07 Oct 2021
-4.9 
-47.7 
1195 
11467 
-1764 
2529 
06 Oct 2021
-12.3 
24.9 
-244 
12910 
-803 
-999 
05 Oct 2021
12.4 
-0.1 
-580 
12899 
-1915 
1868 
04 Oct 2021
51.6 
14.6 
-737 
13571 
861 
228 
01 Oct 2021
4.3 
13.2 
416 
14782 
131 
-613 
30 Sep 2021
-102.7 
-107.4 
-2468 
15113 
-2226 
97 
29 Sep 2021
0.7 
35.1 
-1572 
18187 
-1446 
3262 
28 Sep 2021
28.4 
69.2 
-2205 
18069 
-1958 
161 
27 Sep 2021
-30.9 
6.6 
572 
16103 
-595 
1398 
24 Sep 2021
-11.9 
8.3 
-315 
14727 
442 
-516 
23 Sep 2021
5.1 
-62.2 
742 
14807 
358 
1173 
22 Sep 2021
8.4 
26.1 
-958 
15534 
-1943 
1850 
21 Sep 2021
16.1 
5.8 
283 
16090 
1042 
2168 
20 Sep 2021
-33.2 
12.9 
-2560 
15301 
93 
-1627 
17 Sep 2021
17.3 
14.2 
2067 
15864 
1553 
-1399 
16 Sep 2021
-10.6 
6.2 
235 
15537 
1622 
-795 
15 Sep 2021
40.5 
-24.8 
171 
15940 
233 
168 
14 Sep 2021
-17.4 
0.3 
-197 
15377 
1650 
-310 
13 Sep 2021
-6.7 
-0.8 
-647 
15379 
1419 
-560 
09 Sep 2021
48.9 
56.9 
-1517 
14902 
423 
704 
08 Sep 2021
-52.1 
-49.8 
44 
15031 
-803 
1 
07 Sep 2021
6.5 
14.6 
433 
14907 
-145 
-137 
06 Sep 2021
16.2 
32.6 
347 
16115 
-589 
547 
03 Sep 2021
-18.0 
2.0 
-742 
15764 
769 
669 
02 Sep 2021
-1.8 
-19.8 
1228 
14975 
349 
382 
01 Sep 2021
-48.1 
-21.6 
-873 
15057 
667 
-1288 
31 Aug 2021
12.3 
6.2 
-330 
15374 
3881 
-1872 
30 Aug 2021
13.6 
8.3 
558 
15192 
1203 
689 
27 Aug 2021
-2.0 
4.2 
415 
14552 
-779 
1646 
26 Aug 2021
25.4 
-47.5 
-208 
14056 
-1974 
1055 
25 Aug 2021
5.0 
19.1 
78 
19071 
-1072 
-151 
24 Aug 2021
-9.1 
-45.5 
1103 
17044 
-1645 
2380 
23 Aug 2021
-1.3 
-16.2 
310 
15355 
-1363 
1453 
20 Aug 2021
25.2 
80.6 
-913 
15659 
-2287 
119 
18 Aug 2021
-70.5 
-40.5 
-41 
17089 
-595 
-729 
17 Aug 2021
5.5 
50.5 
-459 
15932 
-344 
266 
16 Aug 2021
11.7 
-2.6 
-332 
16115 
-1088 
506 
13 Aug 2021
60.0 
37.2 
631 
15936 
820 
150 
12 Aug 2021
31.4 
-6.2 
889 
14678 
-212 
308 
11 Aug 2021
1.3 
11.6 
-905 
14977 
238 
206 
10 Aug 2021
0.7 
-9.1 
-288 
15383 
-179 
689 
09 Aug 2021
-27.5 
-27.5 
257 
14565 
212 
-716 
06 Aug 2021
-16.8 
3.3 
-589 
14941 
-69 
-631 
05 Aug 2021
-2.1 
-7.5 
-365 
14469 
-720 
732 
04 Aug 2021
-22.9 
-29.6 
213 
14153 
2829 
-411 
03 Aug 2021
51.7 
10.2 
2537 
14293 
2117 
-299 
02 Aug 2021
58.7 
-0.8 
6 
13610 
-1540 
1506 
30 Jul 2021
-17.1 
-4.8 
-1884 
12157 
-3848 
2957 
29 Jul 2021
20.9 
-33.9 
1054 
12746 
-866 
2047 