2 Oct 2022
32.5 
-17.7 
+1064 
15667 
-542 
+85 
11 Oct 2022
-28.9 
15.7 
-1015 
15015 
-4613 
+2431 
10 Oct 2022
30.9 
72.1 
-1316 
15251 
-2139 
+2137 
07 Oct 2022
1.0 
2.5 
-47 
14280 
-2251 
+545 
06 Oct 2022
-74.1 
-30.0 
-175 
13899 
+279 
-44 
04 Oct 2022
110.6 
-37.0 
+3091 
13426 
+1345 
+946 
03 Oct 2022
-43.6 
69.3 
-1170 
15139 
+591 
-423 
30 Sep 2022
31.0 
-27.5 
+756 
14830 
-1565 
+3245 
29 Sep 2022
-155.4 
-191.2 
-1007 
14391 
-3599 
+3162 
28 Sep 2022
61.0 
47.1 
+104 
19361 
-2772 
+2544 
27 Sep 2022
37.0 
27.4 
-990 
15458 
-2824 
+3505 
26 Sep 2022
33.7 
68.0 
+941 
14495 
-5101 
+3532 
23 Sep 2022
18.6 
54.6 
-3373 
15288 
-2900 
+299 
22 Sep 2022
-32.9 
-12.9 
-2438 
13859 
-2510 
+263 
21 Sep 2022
-22.8 
51.5 
-1092 
11186 
-461 
+539 
20 Sep 2022
23.3 
-0.7 
+1844 
10480 
+1196 
+132 
19 Sep 2022
-4.6 
-35.5 
+1173 
11639 
+312 
-95 
16 Sep 2022
22.2 
51.3 
+838 
12308 
-3260 
-37 
15 Sep 2022
-42.6 
-18.9 
-944 
12057 
-1271 
-929 
14 Sep 2022
-43.1 
56.6 
-2030 
12149 
-1398 
+188 
13 Sep 2022
32.7 
-43.8 
+2936 
10999 
+1957 
-1268 
12 Sep 2022
30.1 
-10.0 
+929 
12621 
+2050 
-891 
09 Sep 2022
23.7 
68.7 
-125 
12692 
+2132 
-1168 
08 Sep 2022
-29.6 
-105.9 
+853 
13259 
+2913 
-213 
07 Sep 2022
-5.6 
25.4 
-71 
12671 
+758 
-139 
06 Sep 2022
-21.7 
55.0 
-1005 
12350 
+1145 
+633 
05 Sep 2022
42.3 
-19.2 
+1112 
12229 
-812 
+534 
02 Sep 2022
12.6 
20.2 
-2065 
12510 
-9 
-669 
01 Sep 2022
-53.3 
-16.8 
-4189 
12117 
-2290 
+951 
30 Aug 2022
40.9 
53.9 
+1782 
9216 
+4166 
-657 
29 Aug 2022
-10.4 
-17.2 
-1122 
9242 
-561 
+144 
26 Aug 2022
20.1 
20.7 
+1020 
8577 
-51 
+454 
25 Aug 2022
-17.9 
-85.9 
-2011 
9624 
+369 
-334 
24 Aug 2022
32.0 
-5.6 
-1329 
14888 
+23 
-322 
23 Aug 2022
26.1 
42.8 
-110 
15936 
+563 
-215 
22 Aug 2022
4.5 
27.3 
+542 
15742 
-454 
-85 
19 Aug 2022
-66.9 
44.1 
-1647 
17689 
+1111 
-1633 
18 Aug 2022
-31.2 
-3.5 
-1652 
16999 
-1706 
+471 
17 Aug 2022
19.3 
42.8 
+7 
16856 
+2347 
-510 
16 Aug 2022
-5.9 
4.8 
+225 
15231 
+1377 
-136 
12 Aug 2022
37.0 
5.2 
+921 
14686 
+3040 
-839 
11 Aug 2022
9.9 
-48.4 
+922 
14132 
+2298 
-730 
10 Aug 2022
-34.8 
45.5 
-877 
13508 
+1062 
-768 
08 Aug 2022
57.6 
5.9 
+138 
14186 
+1450 
-141 
05 Aug 2022
-5.3 
-19.6 
+902 
13091 
+1606 
-496 
04 Aug 2022
-24.1 
-16.2 
-830 
12307 
+1475 
-47 
03 Aug 2022
-31.9 
-12.3 
-575 
12211 
+765 
-518 
02 Aug 2022
10.3 
60.6 
-2727 
12529 
+825 
+118 
01 Aug 2022
12.4 
-17.9 
+2095 
13809 
+2321 
-822 
29 Jul 2022
10.5 
14.0 
+806 
11264 
+1046 
-1 
28 Jul 2022
-39.7 
-99.7 
+1797 
10094 
+1638 
+600 
27 Jul 2022
55.6 
-30.5 
+1643 
13603 
-437 
+712 
26 Jul 2022
-1.9 
23.5 
-924 
10530 
-1548 
+999 
25 Jul 2022
-39.1 
53.3 
-987 
11414 
-845 
-72 
22 Jul 2022
22.6 
-9.0 
+1182 
11203 
-675 
+739 
21 Jul 2022
18.9 
-29.1 
+2449 
11430 
+1799 
-312 
20 Jul 2022
-39.5 
-12.3 
+2823 
10839 
+1781 
-230 
19 Jul 2022
11.3 
-5.3 
+310 
12589 
+976 
-101 
18 Jul 2022
63.8 
-46.5 
+1395 
12108 
+156 
+844 
15 Jul 2022
11.1 
32.4 
-457 
13351 
-1649 
+1059 
14 Jul 2022
62.5 
-16.4 
-602 
12782 
+309 
-556 
13 Jul 2022
-58.3 
9.1 
+566 
12798 
-2840 
+1799 
12 Jul 2022
-50.9 
36.1 
-2815 
14107 
-1566 
+141 
11 Jul 2022
5.3 
28.7 
-525 
12205 
-171 
-297 
08 Jul 2022
16.6 
-28.1 
+743 
11576 
-109 
+35 
07 Jul 2022
-15.1 
4.5 
+1263 
12171 
-925 
+981 
06 Jul 2022
22.7 
-38.5 
+1738 
13042 
-330 
+1464 
05 Jul 2022
-23.0 
12.8 
+922 
13014 
+1296 
-258 
04 Jul 2022
13.7 
0.6 
-615 
13466 
-2150 
+1688 
01 Jul 2022
-12.3 
15.2 
-543 
13056 
-2325 
+1311 
30 Jun 2022
-89.2 
-118.6 
-1297 
11908 
-1138 
+1378 
29 Jun 2022
27.1 
-6.9 
-2413 
15517 
-851 
+847 
28 Jun 2022
15.4 
16.0 
+84 
16111 
-1244 
+1206 
27 Jun 2022
-2.0 
9.8 
+205 
15519 
-1278 
+1184 
24 Jun 2022
-10.3 
-1.7 
+668 
16956 
-2354 
+2213 
23 Jun 2022
-3.5 
-10.4 
+853 
17090 
-2319 
+2438 
22 Jun 2022
33.0 
28.5 
-761 
16613 
-2921 
+1859 
21 Jun 2022
22.7 
4.0 
+2148 
16074 
-2701 
+3066 
20 Jun 2022
-35.0 
-32.9 
-18 
15613 
-1217 
+2093 
17 Jun 2022
29.3 
-2.7 
+412 
15109 
-7819 
+6087 
16 Jun 2022
18.1 
-7.6 
-1529 
14913 
-3258 
+1929 
15 Jun 2022
21.0 
8.8 
+12 
13153 
-3531 
+2588 
14 Jun 2022
-15.0 
36.1 
-342 
13031 
-4502 
+3808 
13 Jun 2022
19.4 
-26.6 
-1799 
12980 
-4164 
+2815 
10 Jun 2022
-12.7 
82.0 
-1729 
14069 
-3974 
+2831 
09 Jun 2022
53.4 
-5.7 
-872 
13018 
-1513 
+1625 
08 Jun 2022
-31.6 
-27.1 
-735 
12525 
-2484 
+1904 
07 Jun 2022
-18.3 
10.8 
-2407 
12423 
-2294 
+1311 
06 Jun 2022
-12.0 
-18.4 
-418 
11941 
-2398 
+1940 
03 Jun 2022
3.3 
40.8 
+187 
10633 
-3771 
+2361 
02 Jun 2022
-6.9 
-29.9 
-1350 
11750 
-452 
+131 
01 Jun 2022
-25.4 
19.2 
-1276 
12765 
-1930 
+984 
31 May 2022
-16.5 
14.1 
-1174 
12733 
-1004 
+1845 
30 May 2022
0.5 
4.1 
+1806 
12905 
+502 
+1524 
27 May 2022
41.5 
24.4 
+873 
12412 
-1943 
+2727 
26 May 2022
-90.0 
-146.2 
-626 
12395 
-1598 
+2906 
25 May 2022
-44.2 
18.6 
+1158 
16660 
-1803 
+2230 
24 May 2022
23.9 
-29.9 
-644 
15048 
-2393 
+1948 
23 May 2022
3.0 
21.5 
-42 
14357 
-1951 
+1445 
20 May 2022
82.2 
-20.2 
+3012 
14958 
-1265 
+2149 