Scrip Code	Company	LTP	Change Val	Pts Contribution
542830	IRCTC	2427.00	+158.05	+3.50
502355	BALKRISIND	2383.50	+72.20	+2.46
532868	DLF	330.90	+8.65	+2.24
540376	DMART	3349.40	+30.10	+1.88
500820	ASIANPAINT	2992.65	+9.90	+1.87
539876	CROMPTON	466.55	+6.50	+1.26
541301	ORIENTELEC	333.50	+22.45	+1.16
533150	GODREJPROP	1577.70	+22.70	+1.11
500043	BATAINDIA	1615.45	+41.40	+1.05
533155	JUBLFOOD	3144.85	+39.45	+1.02
500182	HEROMOTOCO	2903.90	+18.55	+1.01
502986	VTL	1712.05	+103.55	+0.95
517334	MOTHERSUMI	244.10	+1.85	+0.93
500850	INDHOTEL	152.85	+2.95	+0.85
500575	VOLTAS	1051.30	+8.85	+0.84
500290	MRF	82384.25	+857.75	+0.74
503100	PHOENIXLTD	876.05	+16.80	+0.65
533274	PRESTIGE	329.90	+11.90	+0.62
540153	ENDURANCE	1647.50	+28.15	+0.41
514043	HIMATSEIDE	245.55	+17.60	+0.33
500067	BLUESTARCO	865.20	+12.90	+0.31
509480	BERGEPAINT	843.75	+2.85	+0.29
521016	ICIL	207.30	+8.15	+0.27
532832	IBREALEST	142.95	+2.10	+0.25
532539	MINDAIND	719.95	+7.30	+0.24
500086	EXIDEIND	184.05	+1.10	+0.21
532343	TVSMOTOR	611.80	+2.50	+0.21
532889	KPRMILL	1856.75	+26.00	+0.18
532827	PAGEIND	33141.75	+73.50	+0.17
500330	RAYMOND	453.45	+11.40	+0.16
500233	KAJARIACER	1002.05	+4.40	+0.15
500020	BOMDYEING	102.45	+3.70	+0.14
532796	LUMAXTECH	171.05	+10.10	+0.12
540673	SIS	505.95	+7.75	+0.12
539542	LUXIND	3682.10	+34.55	+0.11
500878	CEATLTD	1449.85	+12.75	+0.11
539658	TEAMLEASE	3852.40	+28.40	+0.11
526729	GOLDIAM	591.90	+31.65	+0.10
533088	MHRIL	324.95	+5.60	+0.10
523716	ASHIANA	171.60	+5.35	+0.09
532443	CERA	4489.40	+33.80	+0.08
532733	SUNTV	534.10	+2.50	+0.08
543248	BURGERKING	168.60	+2.35	+0.07
542337	SPENCER	98.45	+3.55	+0.06
532382	BALAJITELE	71.25	+2.35	+0.06
517385	SYMPHONY	1071.90	+8.55	+0.06
531978	AMBIKCO	1405.00	+41.60	+0.05
539276	KAYA	510.90	+18.75	+0.04
508486	HAWKINCOOK	5939.30	+48.30	+0.04
526596	LIBERTSHOE	181.95	+12.15	+0.03
532768	FIEMIND	793.15	+17.55	+0.03
532605	JBMA	501.70	+10.30	+0.03
531548	SOMANYCERA	675.40	+3.50	+0.03
532689	PVR	1369.35	+1.55	+0.03
533260	CAREERP	148.50	+8.70	+0.02
533287	ZEELEARN	16.15	+0.50	+0.02
526642	MIRZAINT	56.65	+1.45	+0.02
523398	JCHAC	2281.85	+8.85	+0.02
521064	TRIDENT	17.70	+0.05	+0.02
539141	UFO	106.20	+2.55	+0.01
520059	MUNJALAU	68.10	+1.30	+0.01
532240	INDNIPPON	379.90	+3.80	+0.01
503811	SIYSIL	410.35	+2.70	+0.01
541403	DOLLAR	317.90	+2.00	+0.01
533023	WABCOINDIA	7385.60	+33.20	+0.01
508989	NAVNETEDUL*	98.20	+0.40	+0.01
500407	SWARAJENG	1774.05	+4.65	+0.01
532699	ROHLTD	87.70	+1.60	+0.00
540775	KHADIM	305.25	+3.10	+0.00
500039	BANCOINDIA	164.30	+0.95	+0.00
532880	OMAXE	94.85	+0.40	+0.00
533151	DBCORP	111.95	+0.45	+0.00
517168	SUBROS	332.25	+0.70	+0.00
526227	FILATEX	110.65	+0.20	+0.00
500413	THOMASCOOK	62.45	+0.10	+0.00
526947	LAOPALA	273.25	+0.35	+0.00
541578	VARROC	351.05	+0.45	+0.00
505714	GABRIEL	129.65	+0.15	+0.00
517421	BUTTERFLY	774.10	+0.75	+0.00
505509	RESPONIND	137.75	+0.05	+0.00
541233	LEMONTREE	42.10	+0.00	+0.00
540366	RADIOCITY	25.55	+0.00	+0.00
538836	MONTECARLO	368.25	-0.10	0.00
570002	FELDVR	14.03	-0.10	0.00
500165	KANSAINER	600.05	-0.05	-0.01
530007	JKTYRE	144.20	-0.05	-0.01
542752	AFFLE	4387.60	-1.85	-0.01
532515	TVTODAY	299.45	-0.55	-0.01
532390	TAJGVK	136.00	-0.30	-0.01
517206	LUMAXIND	1503.05	-4.65	-0.01
532888	ASIANTILES	182.60	-0.80	-0.01
533137	DEN	55.20	-0.25	-0.01
534369	TBZ	81.55	-0.40	-0.01
532189	ITDC	395.90	-2.55	-0.01
520043	MUNJALSHOW	150.00	-1.00	-0.01
532867	V2RETAIL	129.50	-1.20	-0.01
523574	FEL	10.96	-0.15	-0.01
500464	UCALFUEL	161.85	-2.75	-0.01
540699	DIXON	4644.15	-1.15	-0.02
535755	ABFRL	223.60	-0.10	-0.02
531500	RAJESHEXPO	575.90	-0.25	-0.02
532638	SHOPERSTOP	247.05	-0.95	-0.02
532891	PURVA	112.65	-0.60	-0.02
500033	FORCEMOT	1541.35	-8.20	-0.02
534809	PCJEWELLER	27.55	-0.15	-0.02
532924	KOLTEPATIL	242.15	-1.50	-0.02
500250	LGBBROSLTD	464.40	-2.95	-0.02
536507	FLFL	72.40	-0.50	-0.02
541161	KARDA	183.90	-1.90	-0.02
533162	HATHWAY	26.80	-0.30	-0.02
531543	JINDWORLD	75.90	-0.85	-0.02
532794	ZEEMEDIA	12.67	-0.17	-0.02
532661	RML	412.90	-5.80	-0.02
509874	SHALPAINTS	112.85	-1.70	-0.02
531795	ATULAUTO	218.50	-4.00	-0.02
533267	CANTABIL	425.30	-7.95	-0.02
532987	RBL	1069.20	+2.60	+-0.03
500877	APOLLOTYRE	230.90	-0.20	-0.03
514162	WELSPUNIND	125.30	-0.20	-0.03
540064	FRETAIL	63.00	-0.20	-0.03
543242	HEMIPROP	152.65	-0.75	-0.03
541700	TCNSBRANDS	594.95	-3.15	-0.03
505010	AUTOAXLES	1407.75	-13.10	-0.03
505800	RANEHOLDIN	691.65	-6.90	-0.03
533552	RUPA	480.60	-4.85	-0.03
532705	JAGRAN*	66.40	-0.70	-0.03
517380	IGARASHI	543.00	-6.35	-0.03
533158	THANGAMAYL	835.60	-11.85	-0.03
520008	RICOAUTO	51.15	-0.80	-0.03
540073	BLS	135.70	-2.60	-0.03
540902	AMBER	3030.35	-4.35	-0.04
500710	AKZOINDIA	2283.80	-6.90	-0.04
532706	INOXLEISUR	311.90	-1.55	-0.04
505726	IFBIND	1033.40	-8.00	-0.04
500280	CENTENKA	454.05	-4.65	-0.04
522249	MAYURUNIQ	491.75	-5.05	-0.04
543212	BOROLTD	223.40	-2.65	-0.04
532630	GOKEX	206.75	-3.10	-0.04
513349	AJMERA	307.95	-9.80	-0.04
520066	JAYBARMARU	219.65	-7.95	-0.04
515043	SAINTGOBAIN	69.35	-3.65	-0.04
500238	WHIRLPOOL	2196.50	-3.50	-0.05
532798	NETWORK18	51.50	-0.50	-0.05
515055	ANANTRAJ	71.10	-1.05	-0.05
520057	JTEKTINDIA	113.70	-1.90	-0.05
533156	VASCONEQ	22.50	-1.05	-0.05
500101	ARVIND	107.75	-0.95	-0.06
542399	CHALET	182.70	-2.15	-0.06
535602	SHARDA	623.80	-16.25	-0.06
540124	GNA	522.75	-19.30	-0.06
513262	SSWL	1214.60	-45.00	-0.06
540203	SFL	2368.75	-12.90	-0.07
532313	MAHLIFE	692.15	-5.95	-0.07
532839	DISHTV	14.37	-0.18	-0.07
542484	ARVINDFASN	176.80	-3.15	-0.07
523025	SAFARIND	763.85	-17.60	-0.07
538268	WONDERLA	240.10	-8.65	-0.07
505533	WESTLIFE	532.10	-2.85	-0.08
502219	BORORENEW	288.20	-3.65	-0.08
538962	MINDACORP	142.75	-2.65	-0.08
503310	SWANENERGY	141.55	-2.90	-0.08
540293	PRICOLLTD	101.30	-2.30	-0.08
500168	GOODYEAR	1274.60	-31.10	-0.08
521248	KITEX	175.35	-8.30	-0.08
500840	EIHOTEL	116.00	-1.05	-0.09
520051	JAMNAAUTO	86.65	-1.00	-0.09
509243	TVSSRICHAK	2225.20	-50.55	-0.09
543249	TARC	47.00	-2.30	-0.10
507880	VIPIND	406.65	-3.70	-0.11
512179	SUNTECK	366.70	-5.25	-0.11
532800	TV18BRDCST	41.95	-0.45	-0.13
500520	M&M	779.55	-0.35	-0.15
532156	VAIBHAVGBL	794.65	-6.65	-0.15
533293	KIRLOSENG	262.45	-5.95	-0.15
517506	TTKPRESTIG	9242.90	-90.45	-0.16
521070	ALOKTEXT	27.80	-0.30	-0.16
500403	SUNDRMFAST	788.40	-4.05	-0.18
500031	BAJAJELEC	1032.30	-9.65	-0.18
532500	MARUTI	7303.65	-3.40	-0.19
500008	AMARAJABAT	727.90	-5.50	-0.19
534976	VMART	3281.40	-45.40	-0.19
500530	BOSCHLTD	15282.85	-59.50	-0.22
532784	SOBHA	658.50	-15.75	-0.24
530517	RELAXO	1159.80	-8.15	-0.25
509557	GARFIBRES	3334.35	-65.15	-0.25
532163	SAREGAMA	3303.45	-81.55	-0.25
540762	TIINDIA	1129.50	-6.45	-0.28
505537	ZEEL	209.00	-0.75	-0.31
532929	BRIGADE	339.25	-7.65	-0.32
533273	OBEROIRLTY	707.80	-6.80	-0.34
535648	JUSTDIAL	1073.30	-33.70	-0.49
532977	BAJAJ-AUTO	3930.10	-9.30	-0.51
500114	TITAN	1695.80	-6.50	-1.14
500251	TRENT	880.00	-21.85	-2.06
505200	EICHERMOT	2616.25	-50.15	-2.94
532777	NAUKRI	5104.35	-106.25	-3.17
