10 Aug 2021
0.7
-9.1
-288
15383
-179
689
09 Aug 2021
-27.5
-27.5
257
14565
212
-716
06 Aug 2021
-16.8
3.3
-589
14941
-69
-631
05 Aug 2021
-2.1 
-7.5 
-365
14469 
-720
732
04 Aug 2021
-22.9
-29.6
213
14153
2829
-411
03 Aug 2021
51.7
10.2
2537
14293
2117
-299
02 Aug 2021
58.7
-0.8
6
13610
-1540 
1506
30 Jul 2021
-17.1 
-4.8 
-1884
12157
-3848
2957
29 Jul 2021
3.1 
0.3
-356
12951
-866
2046
28 Jul 2021
3.1 
0.3
-356
12951
-2275
921
27 Jul 2021
-12.7
53.5
-608
12999
-1459
730
26 Jul 2021
-20.3
-21.3
74
11938
-2377
1551
23 Jul 2021
19.3
-4.6
697
12251
-163
2188
22 Jul 2021
18.6
-53.9
1152
11013
-248
943
20 Jul 2021
18.7
50.8
-1785
11522
-2835
873
19 Jul 2021
-56.1
26.2
-2069
10705
-2199
1048
16 Jul 2021
-15.3 
21.5 
-1109 
11865 
-466 
666 
15 Jul 2021
9.6 
4.1 
706 
11750 
-265 
439 
14 Jul 2021
-0.5 
2.3 
278 
11312 
-1304 
1336 
13 Jul 2021
16.0 
-69.8 
2573 
10981 
114 
344 
12 Jul 2021
-12.8 
-10.0 
719 
11363 
-746 
447 
09 Jul 2021
21.6 
39.7 
-450 
11583 
-1125 
107 
08 Jul 2021
-14.6 
53.0 
-2938 
11493 
-555 
-949 
07 Jul 2021
3.8 
-1.2 
-319 
10042 
533 
-232 
06 Jul 2021
14.2 
6.3 
224 
10615 
-543 
521 
05 Jul 2021
5.6 
-15.8 
-133 
10211 
-338 
646 
02 Jul 2021
-25.8 
-25.0 
99 
9437 
-983 
930 
01 Jul 2021
-3.7 
1.4 
-294 
10374 
-1245 
881 
30 Jun 2021
3.7 
-2.5 
447 
9830 
-1647 
1520 
29 Jun 2021
4.9 
42.9 
-1301 
9359 
117 
1810 
28 Jun 2021
-2.7 
17.9 
-729 
10364 
-1659 
1277 
25 Jun 2021
13.9 
20.3 
-858 
10822 
-679 
1833 
24 Jun 2021
-65.8 
-154.4 
1780 
11378 
-2891 
1139 
23 Jun 2021
7.3 
29.4 
372 
11162 
3157 
1317 
22 Jun 2021
29.1 
37.3 
669 
11560 
-1028 
302 
21 Jun 2021
11.7 
5.5 
-478 
12358 
-1245 
138 
18 Jun 2021
-7.3 
3.2 
-101 
12121 
2681 
446 
17 Jun 2021
10.7 
1.7 
-378 
10991 
-880 
45 
16 Jun 2021
-9.8 
27.0 
-586 
11317 
-870 
-874 
15 Jun 2021
4.5 
-9.9 
-11 
11932 
634 
-649 
14 Jun 2021
17.9 
23.4 
-2638 
11569 
-504 
544 
11 Jun 2021
-13.1 
6.5 
-122 
12902 
19 
666 
10 Jun 2021
34.5 
-1.9 
-944 
13340 
1330 
-575 
09 Jun 2021
-34.7 
-43.9 
537 
13272 
-846 
-272 
08 Jun 2021
-3.9 
13.6 
-67 
13319 
1423 
-1627 
07 Jun 2021
16.4 
9.6 
515 
13286 
-186 
984 
04 Jun 2021
-4.4 
30.9 
-614 
13360 
1499 
-1175 
03 Jun 2021
-6.0 
-17.2 
560 
13035 
1079 
-279 
02 Jun 2021
-6.1 
1.0 
-1107 
12355 
921 
242 
01 Jun 2021
-9.7 
-3.3 
414 
13431 
-450 
230 
31 May 2021
18.7 
4.0 
-690 
12829 
2412 
180 
28 May 2021
0.5 
13.4 
438 
13269 
914 
1275 
27 May 2021
-55.8 
-81.3 
2637 
12208 
-661 
112 
26 May 2021
23.3 
20.3 
1290 
17226 
242 
-439 
25 May 2021
11.6 
11.2 
1477 
15711 
960 
-564 
24 May 2021
-10.4 
5.8 
-370 
12569 
585 
-708 
21 May 2021
13.6 
-22.9 
1481 
12994 
510 
649 
20 May 2021
-39.8 
37.3 
-961 
13076 
71 
-876 
19 May 2021
-7.0 
3.1 
142 
12823 
-698 
-853 
18 May 2021
39.0 
15.0 
3076 
13491 
618 
450 
17 May 2021
6.2 
-50.5 
886 
12079 
-2256 
1948 
14 May 2021
32.6 
11.0 
625 
11406 
-2608 
613 
12 May 2021
-4.8 
43.5 
-556 
12052 
-1261 
-704 
11 May 2021
-17.6 
-11.5 
-2220 
11419 
-336 
-677 
10 May 2021
15.2 
12.1 
-322 
10434 
584 
-476 
07 May 2021
-16.4 
-6.2 
402 
10921 
-1143 
1468 
06 May 2021
13.9 
2.5 
-251 
10546 
1223 
-633 
05 May 2021
-1.1 
-20.3 
10 
9751 
-1111 
-241 
04 May 2021
10.5 
7.3 
-288 
10065 
-1772 
987 
03 May 2021
5.9 
15.6 
-1916 
10804 
-2289 
553 
30 Apr 2021
14.3 
27.8 
-2963 
10810 
-3465 
1419 
29 Apr 2021
-64.3 
-20.9 
-648 
9956 
809 
-942 
28 Apr 2021
-11.3 
-5.6 
167 
15209 
766 
436 
27 Apr 2021
19.9 
1.4 
-64 
13316 
-1455 
1463 
26 Apr 2021
11.0 
-3.0 
1218 
12346 
-1112 
1023 
23 Apr 2021
12.7 
-10.3 
-233 
11907 
-1361 
1696 
22 Apr 2021
32.6 
-13.3 
438 
11161 
-910 
850 
20 Apr 2021
-26.9 
2.9 
307 
12846 
-1082 
1323 
19 Apr 2021
-3.2 
-1.1 
-310 
13840 
-1634 
2356 
16 Apr 2021
21.9 
5.0 
55 
14869 
438 
658 
15 Apr 2021
-10.7 
9.3 
1309 
12848 
980 
-527 
13 Apr 2021
24.2 
-34.3 
1995 
12333 
-731 
244 
12 Apr 2021
4.2 
11.0 
-1740 
12420 
-1746 
233 
09 Apr 2021
1.3 
15.4 
-639 
11651 
-654 
-271 
08 Apr 2021
-17.1 
9.3 
262 
10906 
111 
553 
07 Apr 2021
7.3 
-14.9 
762 
11009 
227 
381 
06 Apr 2021
16.5 
7.4 
298 
12239 
-1093 
417 
05 Apr 2021
-9.8 
7.8 
-1803 
12510 
-932 
75 
01 Apr 2021
10.6 
-22.9 
445 
12336 
149 
-297 
31 Mar 2021
-16.6 
58.2 
-2449 
12740 
-1686 
2082 
30 Mar 2021
7.2 
-22.8 
1275 
11287 
769 
2181 
26 Mar 2021
8.0 
-13.8 
1880 
11506 
-50 
1703 
25 Mar 2021
-28.7 
-75.9 
960 
10945 
-3384 
2268 
24 Mar 2021
2.8 
24.6 
-1677 
14297 
-1952 
613 
23 Mar 2021
6.0 
-1.4 
440 
13403 
-108 
-530 
22 Mar 2021
-1.7 
15.3 
-18 
13589 
-787 
543 
19 Mar 2021
11.3 
-2.3 
1507 
12919 
1418 
560 
18 Mar 2021
-7.2 
-20.8 
361 
13733 
1258 
-1116 
17 Mar 2021
-2.2 
9.9 
-6 
13826 
2626 
-562 
16 Mar 2021
3.1 
-7.6 
275 
13637 
1692 
-1169 
15 Mar 2021
4.9 
20.0 
-497 
13669 
-1101 
-750 
12 Mar 2021
-17.4 
32.0 
-586 
13776 
-943 
-164 
10 Mar 2021
-0.2 
-15.4 
88 
14103 
-16 
448 
09 Mar 2021
26.4 
9.4 
1735 
14394 
2802 
1250 
08 Mar 2021
3.4 
-0.8 
-858 
15571 
-1494 
484 
05 Mar 2021
-7.6 
8.9 
68 
15615 
-2014 
-1191 
04 Mar 2021
-14.6 
15.3 
-2265 
14875 
-223 
-788 
03 Mar 2021
16.2 
3.3 
1372 
13580 
2089 
393 
02 Mar 2021
0.4 
-15.7 
-1894 
13802 
2053 
-854 
01 Mar 2021
11.0 
-15.3 
1498 
13008 
125 
-195 
26 Feb 2021
-2.6 
32.5 
-3806 
14449 
-8295 
1500 
25 Feb 2021
-71.3 
-19.1 
382 
13317 
188 
-747 
24 Feb 2021
7.6 
-22.6 
443 
15512 
28739 
230 
23 Feb 2021
14.9 
5.8 
-160 
13920 
-1569 
217 
22 Feb 2021
12.5 
26.2 
749 
13661 
-893 
-920 
19 Feb 2021
11.9 
23.3 
281 
13791 
119 
-1175 
