18 Feb 2021
3.8 
-12.8 
-18 
13863 
903 
-1217 
17 Feb 2021
-7.3 
8.6 
-182 
13190 
1008 
-1283 
16 Feb 2021
6.2 
26.5 
-608 
14225 
1144 
-1560 
15 Feb 2021
20.1 
-7.7 
523 
14654 
1234 
-1049 
12 Feb 2021
-20.0 
-6.0 
-733 
13584 
-37 
-598 
11 Feb 2021
-1.8 
-1.6 
2 
12895 
944 
-708 
10 Feb 2021
12.0 
9.8 
141 
12458 
1787 
-2076 
09 Feb 2021
2.5 
-7.4 
371 
12484 
1301 
-1756 
08 Feb 2021
-20.0 
-9.7 
491 
12625 
1877 
-505 
05 Feb 2021
20.9 
4.7 
-461 
12984 
1462 
-1419 
04 Feb 2021
3.5 
8.8 
-1555 
13110 
1937 
-769 
03 Feb 2021
4.5 
-23.0 
-69 
12017 
2521 
-400 
02 Feb 2021
14.6 
18.2 
-975 
11457 
6182 
-2035 
01 Feb 2021
-14.0 
-11.2 
2135 
11574 
1494 
-90 
29 Jan 2021
8.3 
12.1 
-5 
11106 
-5931 
2443 
28 Jan 2021
1.1 
-38.5 
-1389 
11942 
-3713 
1737 
27 Jan 2021
-10.2 
31.0 
-1328 
17655 
-1688 
-3 
25 Jan 2021
15.6 
-0.9 
1861 
15555 
-765 
-388 
22 Jan 2021
-38.6 
22.3 
-1471 
14085 
-636 
-1290 
21 Jan 2021
7.3 
-28.9 
1102 
13779 
1615 
-1039 
20 Jan 2021
-15.4 
8.8 
-1313 
12820 
2289 
-865 
19 Jan 2021
24.4 
-21.8 
509 
13000 
258 
-199 
18 Jan 2021
5.0 
4.7 
-267 
11899 
651 
-43 
15 Jan 2021
-17.6 
23.0 
-1063 
12558 
971 
-942 
14 Jan 2021
-19.6 
-30.1 
9 
12544 
1077 
-188 
13 Jan 2021
22.8 
37.0 
-976 
12023 
1879 
-2370 
12 Jan 2021
-5.4 
-11.1 
-1206 
12432 
571 
-1335 
11 Jan 2021
-0.6 
18.2 
-1357 
13301 
3139 
-2610 
08 Jan 2021
12.6 
-8.9 
1133 
14319 
6030 
-2373 
07 Jan 2021
-10.3 
-25.2 
217 
13077 
382 
-990 
06 Jan 2021
29.4 
54.1 
-295 
13384 
-484 
-380 
05 Jan 2021
-5.1 
-17.3 
-176 
13682 
986 
-490 
04 Jan 2021
2.3 
9.0 
943 
13797 
1843 
-715 
01 Jan 2021
-8.5 
24.7 
-265 
13210 
506 
69 
31 Dec 2020
-49.5 
-69.4 
19 
13442 
1136 
-258 
30 Dec 2020
20.9 
10.0 
-468 
20490 
1825 
-587 
29 Dec 2020
-0.3 
0.6 
-287 
17493 
2350 
-2011 
28 Dec 2020
8.4 
20.8 
432 
17381 
1589 
-1387 
24 Dec 2020
-10.6 
-10.1 
1102 
15865 
1226 
-1898 
23 Dec 2020
3.7 
-5.1 
-1379 
14909 
536 
-1327 
22 Dec 2020
10.8 
4.3 
589 
15589 
1153 
-662 
21 Dec 2020
-13.5 
24.6 
-265 
14629 
-324 
486 
18 Dec 2020
9.0 
14.7 
-197 
15320 
2721 
-2425 
17 Dec 2020
-9.7 
-20.6 
-375 
15023 
2355 
-2494 
16 Dec 2020
12.7 
-7.4 
553 
13071 
1982 
-1718 
15 Dec 2020
10.8 
4.3 
-95 
11938 
2484 
-2667 
14 Dec 2020
-6.0 
8.6 
-812 
12564 
2264 
-1721 
11 Dec 2020
-10.7 
4.2 
291 
12254 
4195 
-2359 
10 Dec 2020
-3.1 
10.4 
-1311 
12850 
2260 
-2275 
09 Dec 2020
9.2 
-7.3 
598 
13770 
3564 
-2493 
08 Dec 2020
-8.4 
0.2 
-324 
13622 
2910 
-2641 
07 Dec 2020
-2.3 
-7.6 
-1130 
13845 
3792 
-2767 
04 Dec 2020
4.4 
8.9 
897 
15048 
2970 
-1972 
03 Dec 2020
6.1 
-25.0 
176 
14427 
3637 
-1440 
02 Dec 2020
-4.1 
23.0 
-1082 
13071 
357 
-1636 
01 Dec 2020
8.5 
-5.3 
-482 
13686 
3242 
-1043 
27 Nov 2020
-5.7 
13.2 
1770 
13475 
7713 
-4969 
26 Nov 2020
-12.1 
-45.5 
-117 
12738 
2027 
-3400 
25 Nov 2020
-27.4 
20.6 
-1803 
16496 
24 
-1840 
24 Nov 2020
26.2 
4.8 
-29 
17297 
4563 
-2522 
23 Nov 2020
-1.1 
-2.1 
73 
16229 
4738 
-2944 
20 Nov 2020
4.3 
-2.0 
649 
15625 
3861 
-2869 
19 Nov 2020
-18.7 
9.4 
-738 
15195 
1181 
-2855 
18 Nov 2020
6.0 
12.5 
447 
14858 
3072 
-2790 
17 Nov 2020
21.2 
4.6 
1015 
14636 
4905 
-3829 
14 Nov 2020
-3.4 
-7.3 
152 
14455 
-79 
-20 
13 Nov 2020
0.3 
-7.9 
-473 
14460 
1936 
-2462 
12 Nov 2020
-18.0 
-17.7 
-1654 
13904 
1514 
-2239 
11 Nov 2020
4.8 
-2.2 
239 
14479 
6207 
-3464 
10 Nov 2020
-2.0 
3.4 
2017 
13488 
5627 
-2309 
09 Nov 2020
-11.3 
-8.7 
905 
11772 
4548 
-3036 
06 Nov 2020
34.9 
4.6 
521 
10650 
4870 
-2939 
05 Nov 2020
8.2 
-9.1 
3441 
10476 
5368 
-2208 
04 Nov 2020
-6.0 
1.6 
-290 
9310 
146 
-8 
03 Nov 2020
17.5 
-0.7 
480 
9149 
2274 
-1101 
02 Nov 2020
-4.0 
-18.2 
1227 
8809 
741 
-534 
30 Oct 2020
-5.3 
7.6 
-966 
10169 
-871 
631 
29 Oct 2020
-7.5 
-10.3 
-1659 
8962 
-421 
-253 
28 Oct 2020
-21.7 
-3.0 
-1905 
12964 
-1131 
1 
27 Oct 2020
11.9 
-12.6 
-1116 
11615 
3515 
-1571 
26 Oct 2020
1.9 
-8.8 
-600 
10370 
-119 
-979 
23 Oct 2020
-12.3 
13.0 
-601 
11955 
907 
-892 
22 Oct 2020
-9.9 
-0.2 
-319 
12057 
1118 
-2020 
21 Oct 2020
16.8 
-8.0 
151 
12149 
2108 
-1634 
20 Oct 2020
-9.3 
-3.5 
-285 
12086 
1585 
-1633 
19 Oct 2020
-1.6 
1.3 
141 
11576 
1657 
-1622 
16 Oct 2020
2.5 
6.8 
-42 
11231 
-480 
-430 
15 Oct 2020
-2.5 
-7.6 
-107 
11949 
-604 
-808 
14 Oct 2020
8.2 
19.5 
-714 
12107 
822 
-1276 
13 Oct 2020
-7.4 
8.7 
-59 
12238 
832 
-1674 
12 Oct 2020
-18.2 
1.2 
-701 
12161 
615 
-1029 
09 Oct 2020
3.5 
-0.8 
739 
12414 
-39 
127 
08 Oct 2020
-15.7 
-14.2 
1399 
12162 
978 
20 
07 Oct 2020
-6.8 
0.4 
781 
9878 
1094 
-1129 
06 Oct 2020
12.0 
-1.4 
-514 
8546 
1102 
-935 
05 Oct 2020
-2.4 
14.0 
-45 
8844 
237 
-472 
01 Oct 2020
8.4 
1.3 
1476 
8638 
1632 
259 
30 Sep 2020
15.4 
-14.9 
725 
8009 
-712 
409 
29 Sep 2020
-10.1 
-5.9 
-644 
7440 
-1457 
577 
28 Sep 2020
7.0 
1.4 
709 
7257 
-27 
542