10 Dec 2019
-5.6 
8.9 
-142 
13507 
-367 
338 
09 Dec 2019
9.8 
-1.1 
15 
13126 
459 
75 
06 Dec 2019
-2.4 
33.7 
240 
13155 
-868 
211 
05 Dec 2019
-8.4 
-12.7 
-665 
12803 
653 
-410 
04 Dec 2019
5.4 
-12.4 
-736 
13115 
-781 
904 
03 Dec 2019
-3.0 
4.9 
-368 
12766 
-1131 
964 
02 Dec 2019
-2.0 
-3.2 
-307 
12561 
-1731 
754 
29 Nov 2019
-4.4 
22.9 
-2002 
12376 
-1892 
954 
28 Nov 2019
-52.9 
-6.7 
-759 
12730 
1009 
-155 
27 Nov 2019
3.6 
-3.3 
-371 
20747 
43 
440 
26 Nov 2019
-2.1 
5.1 
3934 
20460 
4678 
-4242 
25 Nov 2019
23.9 
-16.9 
1953 
18058 
961 
-214 
22 Nov 2019
-5.1 
14.3 
-833 
17773 
306 
-177 
21 Nov 2019
-23.5 
11.0 
-162 
18558 
5024 
-248 
20 Nov 2019
4.4 
-3.4 
-818 
18517 
567 
183 
19 Nov 2019
5.5 
7.5 
-63 
18435 
-915 
262 
18 Nov 2019
1.5 
3.2 
-299 
17812 
-271 
309 
15 Nov 2019
11.9 
-1.2 
-656 
17559 
-1008 
538 
14 Nov 2019
-0.0 
-9.1 
-442 
17006 
-562 
83 
13 Nov 2019
-11.4 
15.6 
-172 
16637 
585 
-890 
11 Nov 2019
9.6 
4.7 
-491 
16261 
664 
-245 
08 Nov 2019
7.2 
11.3 
-250 
16111 
932 
-584 
07 Nov 2019
-20.5 
-22.8 
328 
16351 
927 
-636 
06 Nov 2019
8.9 
0.9 
296 
15422 
1011 
-1117 
05 Nov 2019
-3.9 
-0.9 
-114 
14475 
473 
-1594 
04 Nov 2019
4.1 
7.6 
199 
14052 
-139 
-500 
01 Nov 2019
26.3 
-10.2 
428 
13753 
533 
-137 
31 Oct 2019
2.5 
-24.9 
-344 
13512 
1871 
-651 
30 Oct 2019
18.6 
2.3 
-997 
16546 
7192 
-186 
29 Oct 2019
34.9 
-4.6 
1243 
15871 
877 
145 
25 Oct 2019
9.4 
10.2 
-996 
14494 
-73 
-739 
24 Oct 2019
-21.4 
-6.0 
-327 
14129 
-73 
-739 
23 Oct 2019
-7.0 
15.0 
-346 
13432 
-213 
-137 
22 Oct 2019
-9.6 
11.7 
1328 
13273 
-558 
-985 
18 Oct 2019
10.0 
-17.3 
-560 
11897 
37 
587 
17 Oct 2019
-8.8 
4.4 
794 
12216 
1159 
-512 
16 Oct 2019
-1.8 
-10.3 
408 
12324 
686 
1577 
15 Oct 2019
10.4 
-9.2 
744 
12704 
436 
929 
14 Oct 2019
1.5 
4.2 
975 
12835 
896 
-425 
11 Oct 2019
-0.9 
-14.4 
661 
13050 
750 
-703 
10 Oct 2019
-3.5 
1.9 
-685 
13245 
-263 
503 
09 Oct 2019
11.4 
-10.0 
-167 
12167 
-485 
956 
07 Oct 2019
15.7 
-5.3 
611 
12858 
-494 
905 
04 Oct 2019
-13.4 
25.8 
-725 
13160 
-683 
606 
03 Oct 2019
13.8 
-14.9 
-1063 
13320 
-811 
863 
01 Oct 2019
6.7 
7.2 
164 
13059 
-1299 
1503 
30 Sep 2019
5.2 
7.9 
701 
11908 
-469 
505 
27 Sep 2019
-18.7 
26.4 
-260 
12342 
-214 
459 
26 Sep 2019
6.6 
-103.5 
1080 
12895 
737 
339 
25 Sep 2019
8.9 
9.8 
-166 
21183 
-342 
-762 
24 Sep 2019
-12.7 
11.0 
886 
24330 
-828 
473 
23 Sep 2019
15.4 
22.0 
1693 
24449 
2684 
292 
20 Sep 2019
23.2 
-33.1 
5079 
23336 
36 
3001 
19 Sep 2019
-10.6 
-7.8 
-1700 
18717 
-893 
646 
18 Sep 2019
-19.5 
-5.5 
542 
19281 
-959 
780 
17 Sep 2019
-36.6 
27.8 
592 
18458 
-808 
86 
16 Sep 2019
-11.0 
23.5 
-1633 
17803 
-751 
309 
13 Sep 2019
12.0 
4.0 
300 
16720 
-405 
210 
12 Sep 2019
-23.4 
3.2 
-1006 
15533 
784 
-127 
11 Sep 2019
1.1 
10.5 
41 
13939 
267 
1132 
09 Sep 2019
29.0 
0.9 
221 
12639 
-188 
686 
06 Sep 2019
9.1 
13.3 
309 
12463 
-957 
1207 
05 Sep 2019
0.1 
-15.5 
-955 
11790 
-561 
699 
04 Sep 2019
10.3 
-25.6 
1039 
11330 
-1738 
1305 
03 Sep 2019
-2.9 
21.1 
214 
13305 
-2016 
1251 
30 Aug 2019
-32.8 
-34.4 
864 
13258 
1163 
1502 
29 Aug 2019
-28.9 
18.0 
-1092 
29339 
-987 
489 
28 Aug 2019
-6.4 
22.1 
-1420 
28028 
-935 
359 
27 Aug 2019
-5.6 
-4.5 
655 
25007 
-924 
1163 
26 Aug 2019
46.3 
-16.8 
622 
23503 
-753 
1272 
23 Aug 2019
-23.2 
-9.7 
428 
23218 
-1737 
1548 
22 Aug 2019
4.1 
19.0 
-244 
23714 
-903 
1719 
21 Aug 2019
-22.6 
8.5 
-137 
23644 
-771 
354 
20 Aug 2019
-7.0 
9.5 
504 
23027 
373 
296 
19 Aug 2019
-11.7 
-0.3 
-72 
22795 
-306 
386 
16 Aug 2019
6.9 
0.5 
-294 
23170 
-1339 
1058 
14 Aug 2019
-12.3 
0.9 
914 
22409 
1615 
1620 
13 Aug 2019
-3.4 
18.0 
-153 
21225 
-638 
202 
09 Aug 2019
17.2 
-4.4 
-271 
21550 
204 
607 
08 Aug 2019
5.2 
-3.6 
270 
20977 
-437 
291 
07 Aug 2019
10.8 
5.5 
-981 
20509 
-384 
532 
06 Aug 2019
6.5 
3.5 
-541 
19903 
-2108 
2289 
05 Aug 2019
5.6 
1.9 
-1156 
19390 
-2017 
1871 
02 Aug 2019
-9.1 
3.8 
-1015 
17152 
-2888 
2813 
01 Aug 2019
-0.5 
-5.8 
-2049 
16062 
-1057 
561 
31 Jul 2019
2.7 
17.6 
-1145 
14781 
-1497 
2479 
30 Jul 2019
-3.3 
13.4 
939 
14720 
-645 
1080 
26 Jul 2019
12.0 
0.8 
-1049 
15257 
-1503 
1918 
25 Jul 2019
1.1 
-60.2 
-1178 
14750 
-127 
399 
24 Jul 2019
2.1 
-27.2 
-1263 
22721 
-1394 
2140 
23 Jul 2019
-9.5 
-1.3 
-599 
21719 
-2608 
2625 
22 Jul 2019
4.7 
1.9 
-1086 
18709 
-1917 
1830 
19 Jul 2019
-24.8 
11.9 
-1059 
20488 
-950 
734 
18 Jul 2019
-37.9 
1.5 
1368 
21201 
-1405 
329 
17 Jul 2019
24.9 
5.6 
-385 
21276 
-17 
209 
16 Jul 2019
2.4 
3.1 
-53 
21282 
-445 
638 
15 Jul 2019
6.8 
2.6 
263 
19929 
-216 
592 
12 Jul 2019
12.0 
0.4 
171 
20068 
-850 
940 
11 Jul 2019
13.3 
0.9 
572 
19954 
-317 
720 
10 Jul 2019
-7.9 
14.2 
141 
20480 
-605 
667