09 Jul 2019
-3.4 
15.7 
-1469 
20341 
-674 
711 
08 Jul 2019
9.0 
33.1 
-2902 
17891 
-402 
321 
05 Jul 2019
-3.2 
3.6 
-673 
17476 
-89 
276 
04 Jul 2019
7.5 
-33.4 
-4 
17051 
-29 
59 
03 Jul 2019
-1.1 
-1.7 
7 
16303 
-390 
288 
02 Jul 2019
4.6 
3.1 
-125 
16273 
-512 
141 
01 Jul 2019
2.3 
9.0 
447 
15774 
427 
-51 
28 Jun 2019
-12.9 
15.6 
-436 
15518 
-514 
182 
27 Jun 2019
-38.6 
-112.6 
2671 
15300 
-1 
197 
26 Jun 2019
-0.5 
-5.4 
-839 
24911 
106 
-51 
25 Jun 2019
4.7 
-4.2 
-1103 
24665 
1158 
377 
24 Jun 2019
0.8 
-2.0 
317 
24305 
207 
984 
21 Jun 2019
4.6 
3.1 
-160 
23525 
-731 
446 
20 Jun 2019
3.6 
-30.9 
-237 
23523 
-438 
1241 
19 Jun 2019
7.3 
2.2 
354 
21347 
-97 
-105 
18 Jun 2019
-3.2 
12.5 
119 
21333 
32 
181 
17 Jun 2019
5.4 
27.5 
58 
20919 
-239 
376 
14 Jun 2019
1.2 
12.4 
366 
20533 
-239 
376 
13 Jun 2019
-16.7 
6.3 
-278 
20238 
172 
-445 
12 Jun 2019
-10.0 
23.3 
-173 
19742 
-1050 
271 
11 Jun 2019
17.3 
-4.1 
950 
20387 
96 
-151 
10 Jun 2019
0.8 
2.8 
-76 
20238 
216 
171 
07 Jun 2019
7.5 
-1.0 
-287 
20805 
-479 
180 
06 Jun 2019
6.8 
9.8 
-1473 
21167 
-1449 
-651 
04 Jun 2019
0.0 
21.1 
-1153 
20161 
-416 
-355 
03 Jun 2019
21.2 
-7.2 
2296 
20180 
3069 
-463 
31 May 2019
9.3 
23.4 
-405 
18431 
676 
394 
30 May 2019
-6.2 
-65.0 
2221 
18222 
1665 
-1123 
29 May 2019
11.7 
17.7 
-734 
34024 
-304 
-190 
28 May 2019
-8.2 
-1.2 
-947 
29838 
-501 
269 
27 May 2019
17.8 
0.1 
-587 
27699 
1215 
-328 
24 May 2019
28.1 
9.6 
-9 
26131 
2026 
-195 
23 May 2019
35.7 
22.8 
-1414 
22992 
1352 
-594 
22 May 2019
-17.0 
-11.6 
136 
23360 
-965 
-158 
21 May 2019
-26.2 
36.7 
-86 
20930 
1185 
-1090 
20 May 2019
3.9 
16.3 
1071 
20838 
1734 
-543 
17 May 2019
1.4 
-9.1 
311 
18154 
-1058 
1810 
16 May 2019
-10.1 
-51.9 
-820 
16885 
-953 
948 
15 May 2019
-13.8 
-6.1 
276 
17334 
-1142 
672 
14 May 2019
-12.6 
-7.8 
-702 
18089 
-2012 
2243 
13 May 2019
-3.4 
-2.7 
-138 
19041 
-1056 
1058 
10 May 2019
-15.9 
18.8 
-1296 
18847 
-1245 
1057 
09 May 2019
6.3 
-22.3 
-2068 
19968 
-655 
678 
08 May 2019
-19.1 
10.5 
-1129 
21680 
-702 
233 
07 May 2019
-16.6 
14.8 
-464 
21617 
-645 
819 
06 May 2019
5.1 
12.5 
-913 
22050 
-949 
90 
03 May 2019
17.9 
-9.9 
153 
21421 
-401 
57 
02 May 2019
-6.3 
-5.5 
-516 
21327 
598 
-792 
30 Apr 2019
-0.9 
19.8 
-1479 
22316 
115 
730 
26 Apr 2019
16.5 
6.5 
304 
21775 
-71 
921 
25 Apr 2019
-82.2 
-35.8 
152 
20337 
3786 
-4070 
24 Apr 2019
-0.3 
-4.3 
441 
23799 
975 
-657 
23 Apr 2019
-4.6 
10.3 
1794 
21758 
-237 
198 
22 Apr 2019
13.3 
36.1 
294 
21077 
73 
-68 
18 Apr 2019
-34.3 
8.1 
1207 
21957 
1038 
-338 
16 Apr 2019
13.5 
5.5 
741 
20463 
1039 
37 
15 Apr 2019
17.9 
2.4 
-222 
19260 
713 
581 
12 Apr 2019
5.6 
8.6 
-436 
18252 
897 
-16 
11 Apr 2019
-3.5 
6.4 
28 
18063 
477 
-17 
10 Apr 2019
1.5 
3.1 
-1170 
18691 
1430 
461 
09 Apr 2019
16.1 
-10.2 
-212 
19178 
1212 
-689 
08 Apr 2019
-1.0 
18.8 
-865 
18194 
330 
-624 
05 Apr 2019
-0.6 
-0.4 
632 
18452 
798 
-326 
04 Apr 2019
14.4 
-9.0 
73 
17645 
-226 
1206 
03 Apr 2019
-2.3 
13.0 
92 
17714 
-1040 
-81 
02 Apr 2019
8.7 
-9.8 
-75 
18500 
543 
-438 
01 Apr 2019
5.4 
12.6 
505 
18195 
899 
-1033 
29 Mar 2019
-2.7 
10.0 
-667 
17173 
-86 
1724 
28 Mar 2019
-64.8 
-40.9 
1815 
17751 
3595 
-2080 
27 Mar 2019
-26.7 
-3.0 
1509 
29684 
1481 
135 
26 Mar 2019
5.4 
-11.0 
-1883 
28756 
999 
-197 
25 Mar 2019
27.9 
20.6 
-153 
25925 
150 
-13 
22 Mar 2019
-11.0 
21.4 
550 
26522 
1375 
-675 
20 Mar 2019
1.8 
30.5 
51 
27033 
1772 
-1323 
19 Mar 2019
0.9 
8.2 
288 
28018 
2132 
-1254 
18 Mar 2019
-13.3 
19.5 
828 
26741 
1823 
-1269 
15 Mar 2019
4.4 
-25.0 
2362 
26460 
4323 
-2130 
14 Mar 2019
-8.7 
-6.6 
485 
22966 
1483 
-818 
13 Mar 2019
2.9 
-16.8 
1822 
22745 
2722 
-1508 
12 Mar 2019
23.7 
-33.8 
1975 
21404 
2478 
-990 
11 Mar 2019
14.5 
-9.2 
-13 
18033 
3811 
-1956 
08 Mar 2019
15.4 
-1.2 
-251 
16756 
1095 
-471 
07 Mar 2019
12.7 
-14.1 
533 
15862 
1138 
-925 
06 Mar 2019
19.5 
-13.8 
377 
15821 
1131 
-878 
05 Mar 2019
15.3 
-7.0 
144 
15944 
752 
581 
01 Mar 2019
12.1 
15.0 
170 
15336 
198 
117 
28 Feb 2019
-71.3 
-58.6 
1215 
15567 
3211 
-5241 
27 Feb 2019
3.0 
6.7 
456 
32023 
423 
67 
26 Feb 2019
-2.7 
-6.9 
-698 
31119 
1674 
-720 
25 Feb 2019
18.6 
-18.5 
297 
31213 
2134 
-1746 
22 Feb 2019
-7.7 
11.7 
76 
30720 
6311 
839 
21 Feb 2019
-2.4 
-15.4 
-472 
30866 
55 
202 
20 Feb 2019
24.9 
6.8 
746 
31290 
713 
113 
19 Feb 2019
-2.0 
-1.8 
774 
30577 
-814 
1164 
18 Feb 2019
-7.4 
2.1 
-434 
30729 
-1240 
2337 
15 Feb 2019
-11.1 
4.6 
-1055 
30397 
-966 
853 
14 Feb 2019
-11.7 
19.7 
-3601 
29594 
-250 
1225 
13 Feb 2019
-5.8 
-2.5 
397 
30431 
-677 
713 
12 Feb 2019
-8.6 
18.2 
401 
29407 
-467 
-123 
11 Feb 2019
3.0 
17.8 
275 
29192 
-125 
-233