08 Feb 2019
20.3 
9.6 
-224 
28133 
844 
-960 
07 Feb 2019
12.3 
-11.0 
999 
27706 
418 
294 
06 Feb 2019
7.8 
-1.5 
2818 
27451 
695 
525 
05 Feb 2019
5.4 
-5.1 
795 
24310 
421 
194 
04 Feb 2019
-0.7 
17.3 
-185 
23312 
-112 
-65 
01 Feb 2019
3.3 
-0.3 
1711 
22688 
1316 
-5 
31 Jan 2019
20.0 
-112.6 
2765 
20879 
3006 
-1634 
30 Jan 2019
-4.2 
7.1 
-1667 
40519 
130 
502 
29 Jan 2019
3.6 
0.0 
-466 
38891 
-354 
81 
28 Jan 2019
-30.1 
16.6 
417 
37160 
223 
92 
25 Jan 2019
-0.8 
5.7 
1208 
37664 
689 
-147 
24 Jan 2019
-7.0 
-12.1 
-511 
37690 
-94 
390 
23 Jan 2019
-11.8 
0.5 
-315 
37495 
-776 
584 
22 Jan 2019
0.4 
32.0 
-460 
38319 
-79 
-84 
21 Jan 2019
13.6 
-6.6 
485 
38728 
-300 
521 
18 Jan 2019
0.1 
-12.1 
-398 
38410 
-125 
-1 
17 Jan 2019
-4.4 
-16.5 
-599 
38152 
842 
-727 
16 Jan 2019
4.3 
0.8 
-818 
37657 
-90 
304 
15 Jan 2019
4.5 
-0.7 
1153 
35428 
160 
417 
14 Jan 2019
-0.8 
3.3 
-990 
33043 
-732 
527 
11 Jan 2019
1.6 
5.0 
-540 
32129 
-687 
123 
10 Jan 2019
0.2 
-3.2 
426 
31987 
-345 
11 
09 Jan 2019
8.1 
16.4 
460 
31477 
276 
440 
08 Jan 2019
2.6 
-6.9 
-418 
30773 
-554 
698 
07 Jan 2019
4.5 
3.8 
408 
29756 
-158 
241 
04 Jan 2019
-4.2 
-3.5 
-351 
29037 
-158 
241 
03 Jan 2019
-0.2 
13.2 
-477 
28119 
-973 
35 
02 Jan 2019
0.7 
1.0 
-817 
26870 
-621 
-226 
01 Jan 2019
3.7 
3.1 
-476 
24965 
-48 
143 
31 Dec 2018
4.4 
19.8 
550 
25009 
-327 
322 
28 Dec 2018
14.8 
22.4 
632 
23721 
-120 
1199 
27 Dec 2018
-42.2 
-101.1 
1041 
23057 
1732 
-663 
26 Dec 2018
-7.7 
4.8 
-755 
34263 
80 
-138 
24 Dec 2018
4.2 
20.7 
205 
30276 
-577 
186 
21 Dec 2018
-3.4 
26.0 
-316 
31137 
134 
-489 
20 Dec 2018
4.4 
-0.4 
300 
31084 
-386 
88 
19 Dec 2018
-2.6 
-1.5 
502 
30753 
1209 
-481 
18 Dec 2018
5.1 
6.1 
-951 
29377 
145 
-183 
17 Dec 2018
2.7 
-3.0 
-319 
28116 
-61 
-77 
14 Dec 2018
-0.3 
12.5 
249 
27269 
862 
-303 
13 Dec 2018
-12.3 
34.8 
2396 
26967 
675 
-52 
12 Dec 2018
5.3 
10.1 
-489 
26441 
-1299 
1121 
11 Dec 2018
9.2 
-8.0 
-636 
25850 
-2421 
2256 
10 Dec 2018
-0.7 
1.2 
-1012 
25767 
116 
-146 
07 Dec 2018
2.9 
-7.2 
617 
27184 
-817 
243 
06 Dec 2018
-2.6 
15.6 
-1722 
26317 
72 
-390 
05 Dec 2018
6.3 
-22.4 
-1165 
25078 
-358 
-792 
04 Dec 2018
9.8 
4.6 
37 
23380 
-56 
-521 
03 Dec 2018
-5.3 
-13.5 
401 
22408 
293 
-806 
30 Nov 2018
-1.7 
32.6 
172 
21351 
-333 
1490 
29 Nov 2018
-55.7 
-102.2 
3303 
21176 
823 
973 
28 Nov 2018
-15.0 
13.7 
1067 
34108 
961 
-330 
27 Nov 2018
-5.2 
-5.0 
-705 
34374 
812 
31 
26 Nov 2018
23.8 
2.3 
-168 
35146 
63 
352 
22 Nov 2018
-15.3 
11.1 
1601 
32937 
446 
50 
21 Nov 2018
9.0 
29.5 
-705 
34619 
-1652 
607 
20 Nov 2018
-7.7 
-0.1 
171 
34458 
-753 
-44 
19 Nov 2018
-7.1 
-22.0 
861 
34947 
1103 
-310 
16 Nov 2018
-7.6 
3.3 
163 
33756 
845 
-372 
15 Nov 2018
3.0 
-10.8 
419 
32430 
2043 
-165 
14 Nov 2018
3.0 
8.2 
92 
31351 
277 
-272 
13 Nov 2018
5.4 
5.9 
-111 
31077 
-495 
336 
12 Nov 2018
-9.1 
12.5 
-169 
30822 
832 
-1074 
09 Nov 2018
12.7 
-21.5 
647 
30245 
614 
-337 
06 Nov 2018
12.4 
10.6 
440 
29091 
-500 
119 
05 Nov 2018
8.3 
26.2 
-481 
29531 
12 
-622 
02 Nov 2018
34.4 
-3.4 
1381 
29017 
-197 
853 
01 Nov 2018
-1.5 
-12.7 
-263 
27103 
349 
-509 
31 Oct 2018
21.1 
-23.9 
737 
27079 
-194 
1125 
30 Oct 2018
-5.5 
12.6 
201 
24137 
-1592 
1363 
29 Oct 2018
31.5 
3.8 
279 
24623 
-2231 
2527 
26 Oct 2018
-14.3 
70.9 
-147 
22901 
-1357 
1876 
25 Oct 2018
39.2 
-106.1 
-2605 
23086 
-1496 
340 
24 Oct 2018
6.0 
7.5 
613 
28497 
-2047 
1874 
23 Oct 2018
-7.3 
13.0 
-577 
24851 
-340 
116 
22 Oct 2018
4.2 
6.7 
525 
21528 
-512 
303 
19 Oct 2018
-20.7 
-5.1 
-438 
22255 
-618 
-2 
17 Oct 2018
-6.2 
9.2 
1077 
21633 
140 
-343 
16 Oct 2018
4.9 
11.9 
186 
22359 
-1166 
1059 
15 Oct 2018
15.0 
4.7 
-1208 
22138 
68 
295 
12 Oct 2018
28.3 
-9.8 
529 
22236 
-1322 
1287 
11 Oct 2018
-11.8 
4.8 
-1143 
22004 
-2869 
1888 
10 Oct 2018
10.1 
2.8 
-1487 
22882 
-1096 
1893 
09 Oct 2018
0.8 
-17.6 
80 
20776 
-1242 
1526 
08 Oct 2018
-1.5 
-15.6 
918 
22055 
-1805 
1974 
05 Oct 2018
-12.8 
29.9 
-1610 
21525 
-3370 
1902 
04 Oct 2018
-35.6 
40.5 
-3157 
20392 
-2761 
1824 
03 Oct 2018
-10.3 
-6.1 
-700 
18495 
-1550 
1402 
01 Oct 2018
19.8 
-2.4 
9 
18174 
-1842 
1805 
28 Sep 2018
-20.9 
19.6 
702 
17644 
-1700 
3256 
27 Sep 2018
45.2 
-136.2 
-1536 
16814 
552 
-187 
26 Sep 2018
-1.2 
18.3 
279 
27609 
-810 
1555 
25 Sep 2018
-5.9 
16.1 
-793 
27308 
-1232 
2284 
24 Sep 2018
-16.9 
23.2 
522 
26752 
-524 
1528 
21 Sep 2018
-34.8 
-12.0 
1564 
27670 
761 
497 
19 Sep 2018
11.2 
1.3 
355 
27204 
-2185 
1201 
18 Sep 2018
-7.7 
23.7 
965 
26088 
-1144 
265 
17 Sep 2018
-8.9 
-4.7 
-617 
24871 
-107 
-180 
14 Sep 2018
19.0 
-5.2 
458 
24747 
1091 
115 
12 Sep 2018
10.3 
1.1 
-391 
25516 
-1086 
541
