11 Sep 2018
-0.6 
8.1 
-1676 
25948 
-1454 
750 
10 Sep 2018
-20.1 
39.3 
-631 
25778 
-842 
-290 
07 Sep 2018
8.0 
-5.1 
-362 
24655 
38 
942 
06 Sep 2018
9.9 
12.0 
-1155 
24112 
-455 
612 
05 Sep 2018
7.7 
41.5 
-2328 
23116 
-384 
177 
04 Sep 2018
-21.6 
20.9 
-336 
20163 
33 
-21 
03 Sep 2018
3.8 
13.1 
-394 
19352 
-21 
-542 
31 Aug 2018
4.6 
11.8 
-1110 
19081 
-213 
172 
30 Aug 2018
-43.6 
-6.3 
896 
17647 
-1416 
1114 
29 Aug 2018
-5.2 
-2.7 
-996 
33419 
-1416 
1114 
28 Aug 2018
-0.3 
-5.3 
284 
32805 
-161 
-199 
27 Aug 2018
5.2 
-11.7 
657 
33805 
253 
1117 
24 Aug 2018
-3.3 
2.9 
-47 
32684 
-76 
905 
23 Aug 2018
-16.9 
13.0 
358 
32513 
433 
142 
21 Aug 2018
0.4 
2.9 
-368 
31622 
254 
198 
20 Aug 2018
1.9 
-5.6 
-118 
31185 
-483 
593 
17 Aug 2018
15.6 
4.0 
-695 
30356 
147 
152 
16 Aug 2018
-8.9 
11.6 
-433 
28720 
-825 
134 
14 Aug 2018
3.4 
7.7 
-711 
28727 
-379 
391 
13 Aug 2018
-2.9 
1.0 
-722 
28024 
-972 
216 
